1970-90 Full Time, Year Round Public Relations Aged 25-64, wgtd 5%PUMS, Frey/U-Mich for SSDAN - not for commercial purposes.
6
Year,Race,Gender,Age,Earning,Educ
3,2,2,4,7,4
1970,1980,1990
NonBlack,Black
Male,Female
25-34,35-44,45-54,55-64
<12K,12-15K,15-20K,20-30K,30-40K,40-60K,60K+
LTHS,HSGrad,SomeColl,CollGrad
0,0,100,100,100,0,0,0,0,200,200,200,0,800,700,800,0,300,1300,1400,0,300,400,2600,0,0,200,500,
0,0,200,0,100,0,0,100,100,0,0,0,100,600,600,400,100,500,1100,1800,100,0,1300,2500,0,100,500,2600,
0,0,0,100,0,0,0,0,0,0,0,100,200,100,200,400,100,500,1200,700,100,800,900,2400,200,400,800,3400,
0,0,0,0,0,0,0,0,100,100,0,0,100,400,200,600,400,200,700,100,300,500,600,600,300,0,900,700,
0,0,0,0,0,0,100,0,0,200,0,100,0,100,100,700,0,0,100,400,0,0,0,0,0,0,0,0,
0,100,0,0,0,0,0,0,200,200,200,100,0,300,400,400,100,100,200,300,0,0,0,0,0,0,0,0,
0,100,0,0,0,0,0,0,100,200,300,200,200,100,300,300,100,100,0,100,0,0,0,200,0,0,0,200,
0,0,100,0,0,0,0,0,100,200,200,0,0,300,200,200,0,0,0,200,0,0,0,0,0,0,100,0,
0,0,0,0,0,0,0,0,0,100,0,0,0,100,300,0,0,0,100,0,0,0,0,0,0,0,0,100,
0,0,0,0,0,0,0,0,0,0,0,0,0,0,0,0,0,0,0,100,0,0,0,0,0,0,0,0,
0,0,0,0,0,0,0,0,0,0,0,0,0,0,100,0,0,0,0,0,0,0,0,0,0,0,0,100,
0,0,0,0,0,0,0,0,0,0,0,0,0,0,0,0,0,100,0,0,0,0,0,0,0,0,0,100,
0,0,0,0,0,0,0,0,0,0,0,0,0,0,0,0,0,0,0,0,0,0,0,0,0,0,0,0,
0,0,0,100,0,0,0,0,0,0,0,0,0,0,100,200,0,0,0,100,0,0,0,0,0,0,0,0,
0,0,0,0,0,0,0,0,0,0,0,0,0,0,0,0,0,0,100,0,0,0,0,0,0,0,0,0,
0,0,0,0,0,0,0,0,0,0,0,0,0,0,0,0,0,0,0,0,0,0,0,0,0,0,0,0,
0,0,120,300,0,60,140,160,20,160,320,1000,80,300,1000,3040,100,260,600,2740,0,200,240,1580,20,0,140,700,
20,40,40,120,40,0,0,20,20,0,200,160,20,240,420,660,20,420,420,1560,60,220,540,2640,0,80,300,1940,
40,60,60,160,0,0,40,0,20,20,120,80,200,180,340,500,100,480,560,1020,180,440,620,1940,40,180,360,2540,
20,0,0,80,20,20,0,20,40,40,60,60,240,360,280,440,60,400,300,780,80,300,480,1280,60,180,400,1660,
60,160,200,280,40,220,280,420,0,420,720,1620,60,480,1600,3920,0,180,300,2000,0,60,80,800,20,20,40,200,
80,140,60,80,0,240,200,100,80,160,460,400,40,380,680,840,0,120,380,640,0,100,140,800,0,20,60,300,
40,120,200,100,20,180,100,80,60,360,320,240,60,560,580,540,20,160,280,360,0,100,60,380,0,20,60,160,
20,100,20,40,60,200,60,20,0,260,60,60,40,380,280,320,60,140,180,180,0,80,0,200,0,20,60,140,
20,20,0,20,0,0,20,0,0,0,20,40,0,20,120,160,0,0,80,160,0,40,20,80,0,0,0,80,
0,0,0,0,0,0,0,0,0,0,0,20,20,0,20,40,0,0,80,20,0,0,40,180,20,40,0,20,
0,0,0,0,0,0,0,0,0,0,20,0,0,0,20,0,60,60,20,20,0,20,0,20,0,0,0,40,
0,20,0,0,20,0,20,0,0,0,0,0,0,0,0,0,0,0,40,0,40,0,20,60,0,0,0,0,
0,20,40,20,0,20,20,40,0,120,100,120,20,40,120,180,0,20,20,100,0,0,20,20,0,0,0,20,
0,0,0,20,0,20,0,0,0,0,20,20,0,20,160,20,0,0,40,40,0,0,0,20,0,0,0,0,
20,0,0,0,0,0,0,0,0,20,0,20,0,20,60,0,0,20,20,0,0,0,0,20,0,0,0,20,
0,0,0,0,0,0,0,0,0,0,0,0,40,0,0,20,0,0,0,0,0,0,0,40,0,0,0,0,
31,93,206,189,0,112,127,132,3,153,302,1295,51,361,813,3524,35,89,642,2312,0,91,356,2204,0,72,93,493,
68,22,184,147,0,26,125,73,0,95,97,446,27,63,780,1704,0,138,566,2665,60,188,755,3942,0,37,419,3063,
0,99,182,110,3,5,24,38,0,60,112,156,61,132,448,384,102,200,333,740,39,158,741,2109,53,132,685,2983,
6,0,32,42,32,0,42,23,71,30,46,156,33,175,139,504,26,221,353,419,82,300,712,1082,41,58,311,1863,
0,96,363,413,26,186,283,404,131,415,1007,1903,48,528,1443,7466,38,176,819,4466,0,32,255,2021,0,23,39,416,
52,185,289,356,0,199,178,182,54,405,591,587,56,545,1476,2658,18,282,669,2490,0,52,578,3112,18,52,141,1563,
10,77,154,150,39,127,166,170,0,215,252,264,134,648,630,756,31,187,573,1211,0,114,471,1130,0,46,72,751,
20,18,63,35,0,104,116,53,37,112,325,116,26,192,629,390,26,107,336,466,0,111,143,371,0,20,51,188,
37,0,39,23,0,0,94,10,34,34,52,72,0,69,166,207,0,22,0,23,58,0,76,210,0,0,0,81,
0,0,50,0,0,21,0,0,0,0,29,18,0,53,110,214,0,0,56,125,0,20,57,239,0,0,0,69,
0,0,0,0,0,0,0,0,24,20,0,21,24,0,39,21,0,52,75,60,0,0,92,162,0,0,0,27,
0,0,0,0,0,0,0,0,0,0,0,0,0,0,0,18,0,0,0,0,22,24,27,21,0,0,0,50,
0,67,54,41,0,0,73,31,0,43,286,191,37,70,312,541,28,53,64,336,0,0,85,208,0,0,0,0,
0,0,70,0,30,0,32,27,0,47,120,71,16,141,247,373,0,57,95,377,0,25,81,276,0,16,18,110,
0,0,13,0,0,0,33,27,0,18,99,0,0,26,103,29,0,30,82,189,0,0,59,62,0,18,0,0,
0,0,0,14,0,0,0,0,0,0,0,0,0,23,0,0,22,0,20,50,0,0,0,0,0,0,0,0
*****
