2010 Education by Immigration status, race/ethnicity, gender, age 25+, wgtd 2008-12 ACS, SSDAN/U-Mich
5
RaceEth,Gender,AgeEduc,Immentry,EducAll
7,2,5,5,7
NhWhite, Black, Asian, Hispanic, AmIndian, NHOther,NHMulti
Male, Female
25-34,35-44,45-54,55-64,65+
Native,FB<1980,FB80-89,FB90-99,FB00-Current
0-9Yrs,10-12Yrs,HSGrad,SomeColl,CollGrad,Masters,PhD-Prof
458488,2838278,1437136,5869859,632392,205630,78176,285,1724,468,4328,725,869,190,1695,10582,4796,34232,5902,2913,1423,8320,32510,9932,70439,14047,3230,2633,12941,58397,13317,132081,46589,9646,14085, 
506969,3211657,1358140,5624908,934305,293781,143618,3684,17654,5761,33858,8160,4790,1786,6932,21095,5857,41969,10294,3977,2981,10602,55446,11813,100676,35825,11678,15041,9791,45487,8643,83557,37253,9017,16707, 
715238,4503878,1703036,6102364,1049811,374092,190079,13295,46788,17020,89674,22056,6477,5252,11296,36836,10504,66560,20986,7021,11135,9297,43991,9404,77988,27227,9397,12688,7069,28621,5396,45946,15953,4032,6290, 
636825,3287632,1372120,5558609,1194522,458323,255311,32026,71205,24202,125382,35312,13227,14690,8160,23059,4683,42151,15382,5883,7921,6328,22553,4286,38611,13866,3978,6546,5515,16407,3066,23195,7420,2333,2672, 
1566564,4106267,1475043,4403817,1081611,463470,339649,112558,140992,41800,158252,45857,26343,31390,10639,13600,2602,20101,7463,2959,3638,12995,17587,2839,24501,8184,3097,3691,10493,13682,2109,14545,4148,2108,2131, 
343886,2010506,1130591,6401218,1084231,215441,89862,196,1115,264,4521,1195,409,238,1114,8207,3540,33678,6677,3033,1082,6641,26675,7604,81434,17669,4430,2409,13373,52390,13483,164404,50389,10108,10756, 
358802,2542289,1239626,6197488,1239335,245647,114915,2438,14566,5758,39632,8885,3712,1374,5158,19726,6557,43790,10110,4094,2098,10864,51161,14432,128902,36604,10269,9197,10053,42305,9231,97864,32963,9089,8800, 
510999,4028820,1768895,6927817,1248149,250952,118200,11927,49793,18555,87311,16520,4426,3258,10000,38958,11584,77433,17640,4374,4741,11020,43949,10714,90365,27046,6712,7971,8056,32028,6353,53206,13348,3597,3582, 
533293,3982517,1583283,5470622,1406906,207380,147675,34100,105666,32050,134666,31875,6563,5806,8693,26151,6707,42853,12995,3694,3218,9803,27044,5793,43416,10835,3585,3086,9727,21155,3377,25450,5683,1626,1228, 
1973295,7497972,1749234,4754987,976545,121208,113333,187800,330329,72691,238147,42570,10591,9219,20031,22811,3580,20199,4830,1730,1474,25530,25779,3560,31872,8406,3518,1639,17572,20163,2734,18437,3116,1560,872, 
190372,820002,333000,863628,52267,11454,4060,97,703,177,1231,170,20,0,1484,9456,3226,19690,1322,483,213,5988,26126,7905,49425,4807,593,576,15432,42798,10881,75692,8393,2310,1061, 
143772,819429,286728,817468,76957,13878,9255,989,5952,2048,12754,1817,742,228,4178,19438,5779,32442,5728,757,697,9363,34169,8712,50329,10212,2845,1653,13024,37025,8964,55188,11393,2864,2403, 
201666,921761,250032,770169,68378,14326,9341,3972,15239,3861,29304,5763,1175,875,11197,33026,8400,47165,11141,2347,2033,9974,26416,5832,31866,7541,2387,2330,8831,20339,3808,22382,4919,1267,1464, 
195367,591499,164014,540139,64996,14108,12855,7948,19336,6140,30984,8268,2285,2479,11157,19593,4652,19580,4730,1075,1501,5640,9416,1842,9932,1901,860,977,5218,8034,1902,6690,1814,473,390, 
352980,438505,91890,273099,51687,10899,11933,15282,26191,5680,17977,4390,1914,2297,9166,9019,1820,4187,645,133,631,5673,4425,822,3021,811,203,248,5618,4088,651,3119,719,278,314, 
121750,705483,271435,1243717,132722,21014,7630,143,677,187,1744,215,115,0,1256,7115,2804,27198,4480,810,323,6059,23735,6994,58347,7093,1411,582,18338,45312,12555,77947,8325,2272,676, 
109437,727338,247006,1156292,166999,23781,13435,1063,5673,2000,16472,3377,893,576,3760,17910,5353,43677,8720,1795,920,11449,36022,10059,62300,8324,2402,1319,14862,42359,10092,50726,6759,1745,937, 
156427,850530,264200,1104560,141462,19643,13074,3440,13237,5842,37358,6980,1665,734,10436,31713,9753,52053,9539,1538,956,11949,31372,7922,32897,5100,961,855,12293,25161,4408,21537,3392,710,277, 
173777,666096,207830,710116,132026,14996,15463,7539,21193,7439,36322,7690,950,844,12758,22569,5955,19070,2984,436,524,9464,12825,3234,10151,2070,450,270,12212,12481,2314,9082,992,480,295, 
490550,739274,152407,419611,95830,7270,10084,24865,34716,8484,24126,4653,512,578,14624,12975,2164,5272,692,98,183,13603,9377,1334,4254,685,129,76,17113,8555,1182,3732,754,118,126, 
7303,51347,27260,233089,32506,19372,5610,159,2240,1422,10448,1831,1701,639,3992,22484,10071,85666,10552,5839,1739,10832,42459,12147,123136,29588,4715,5020,19304,43235,9721,207231,149152,14621,29243, 
5078,29947,11665,104887,24321,14955,4844,2444,11959,5480,65947,14494,9284,3080,15042,43006,12354,117223,25082,7101,6297,30569,55207,11825,146199,95745,12637,28645,25570,37456,7307,128021,64818,12011,26496, 
4618,28121,9440,77452,14708,7787,3009,8591,24983,8329,74337,16633,7509,4367,36516,63142,14679,127912,45466,9278,22011,24633,45739,8509,84940,36556,11622,18997,21644,36044,5437,63155,16814,5032,8298, 
4455,17477,6497,55207,10890,6506,2350,16056,32717,8976,94108,31740,12120,12262,29923,40805,8164,76405,20810,7094,8717,20691,32898,5650,47897,9886,3549,2904,18596,24802,3822,34611,6913,1906,1688, 
9313,31726,6543,39995,7352,3632,2362,30325,37992,7636,83493,30131,22047,20939,33873,28713,4117,40896,6405,3456,2766,27468,30474,3358,35051,3947,2146,1292,18191,17375,1977,26815,4471,1918,1364, 
4491,36164,17814,222281,44105,25358,7021,176,2405,1033,12696,2821,1846,548,2575,17237,7110,91708,15715,9017,2705,10115,37297,9607,138362,26384,7168,4799,32785,71375,17545,310875,152896,17962,17164, 
3597,24075,9852,101798,26736,14919,5573,2254,12359,5570,67881,16902,9113,3290,14544,40813,12594,116980,20376,6651,4491,41921,75835,16066,209695,82242,14230,16613,39302,70844,11265,195733,58121,11844,14597, 
4783,25424,9244,80252,15021,5558,2271,10909,30251,9134,83143,12967,4828,2666,44962,78765,17713,165672,38407,7791,9083,37032,64477,11905,125108,29303,8955,6948,33686,51885,7357,85893,14306,3581,2775, 
5075,19217,7169,58327,11711,3757,1814,35972,62575,16371,134398,25325,7891,4188,43725,50724,9237,87683,14783,4125,2954,40539,44370,6593,53767,6543,1980,1111,34161,33448,4214,40413,4979,1092,1118, 
15306,48749,8527,40408,6530,2099,847,75564,83001,11850,110268,19661,9843,4410,71865,39290,4743,37032,4316,1912,1014,63913,33913,3773,28972,3021,1322,489,38598,24172,2382,29411,2915,969,688, 
192391,679880,255424,767008,42561,14155,4569,5113,10829,2525,10829,765,135,141,47458,100592,21384,81722,4253,1497,421,384243,308400,45511,130759,6456,1702,793,530657,391393,45412,163964,15085,6354,2607, 
150820,437649,172370,529286,56301,16471,6995,34061,62686,15443,62202,5353,1602,719,302573,204973,40545,104688,8411,2026,939,413530,275814,42364,127970,11388,4979,2761,256537,165102,20010,104974,17712,7344,2714, 
136144,356473,129862,365387,37323,13644,6096,176843,111612,32184,98282,12146,4676,1514,290647,153302,36335,109772,9294,4335,2672,144915,85652,14914,64175,8536,5840,2000,100267,64248,8618,50080,7407,5147,1508, 
122029,187837,81200,221255,29884,9832,6298,205966,88177,28132,81224,10004,5284,2954,111674,44917,10256,35929,4736,3621,1665,57577,27079,4559,21161,3257,2162,841,39998,21799,3321,17632,2944,2188,696, 
201178,142825,56612,115168,17139,6242,4570,211265,78760,17806,61600,9104,9070,4774,60593,18432,2686,11650,1542,1396,553,41503,12260,1613,8443,1189,805,551,38845,10872,1713,7105,1331,1204,366, 
151274,536395,220795,931093,82751,17356,5921,2910,8859,3630,11584,1611,321,103,34627,85920,21054,96363,7377,1279,608,272294,232163,40103,138734,7743,1522,990,388686,304809,35198,188724,15118,8984,2055, 
124162,376459,162018,631647,81434,15235,7313,28328,53862,19125,67857,8811,1560,498,193237,146482,35107,105483,9117,2352,831,390661,257709,45520,157135,13638,5324,2069,208332,154104,20998,131382,17059,10329,2588, 
128458,335483,141024,428128,50671,10933,4630,131586,91299,35088,107086,12419,2995,1911,232453,133335,33238,103220,9639,3652,1793,170510,92910,18567,82810,8279,3995,1854,105902,68648,10337,59371,6139,4461,1247, 
135225,234819,93485,220917,36687,5133,4582,190306,98261,31606,81984,11231,3003,1868,108794,45944,10507,36301,3799,1541,825,86291,35234,5308,23830,2689,1617,508,64925,30640,4479,20139,1703,1796,721, 
293789,223635,63869,110060,16542,2050,2287,273794,121240,25447,77411,9205,3842,3332,84393,25319,3163,12484,1380,682,377,75347,21720,2171,10446,931,731,229,72860,19713,2014,10299,1086,758,297, 
16453,58014,29420,53373,2342,560,207,0,48,32,130,0,0,0,412,560,255,725,65,0,0,3146,2158,287,791,109,15,16,5519,3306,502,1217,151,18,0, 
15068,55012,22985,55546,3716,810,554,316,487,198,633,99,25,14,3123,2087,565,1036,118,45,20,2902,1543,300,936,152,66,15,3067,938,270,1060,96,22,71, 
17977,55362,23785,51595,3885,1231,829,1735,656,395,1159,80,33,10,3037,1494,295,1103,178,27,39,1288,596,244,461,55,10,31,1114,416,116,286,68,25,20, 
14952,33037,14155,42819,4980,1145,884,1709,871,156,714,110,102,96,1132,360,184,335,52,0,0,401,258,92,126,9,36,46,371,281,0,80,20,10,0, 
24194,20359,9195,20488,2886,649,1089,1663,656,174,388,41,11,0,639,88,0,125,0,0,0,353,18,0,20,51,0,0,428,12,0,45,0,0,0, 
12197,45781,24796,73619,4574,724,334,97,87,0,152,0,0,24,131,364,129,1020,99,19,0,2309,1770,216,831,121,22,0,3108,1711,333,1413,137,15,96, 
11906,42571,23277,72663,6923,1192,477,131,184,161,771,52,97,33,1376,1023,337,816,90,74,0,3134,1920,451,1278,21,103,0,1725,538,230,848,166,30,25, 
16504,51082,25132,68632,6633,1094,714,992,926,346,939,34,25,68,1800,972,308,728,151,10,8,1323,550,59,449,163,16,0,869,544,193,374,65,64,0, 
14910,36544,18462,46242,7286,778,1040,1179,905,344,945,132,29,50,745,445,35,263,10,38,0,695,249,64,57,47,0,0,452,115,41,150,63,0,0, 
31347,29274,10933,22596,3271,516,402,1935,765,319,746,29,7,0,933,168,33,58,0,0,0,606,89,12,109,0,11,0,602,44,0,134,0,0,0, 
1008,4625,2664,11022,1575,636,220,0,53,0,280,55,0,0,138,506,182,1554,140,0,17,1262,2404,554,2360,610,13,101,2517,4998,758,6432,2656,342,317, 
850,3556,1540,9140,1410,670,330,333,201,299,799,241,11,18,1139,1901,276,1883,167,51,0,1076,2687,462,2888,1143,356,180,1914,3438,274,2424,1097,40,143, 
524,2992,1365,6612,1854,648,564,303,1102,283,2145,349,60,42,802,1697,258,2119,533,119,176,1087,1794,479,1518,460,297,160,1323,997,102,1165,236,79,37, 
1152,2182,809,4521,1414,444,469,351,476,198,1047,273,81,63,465,1130,112,834,187,67,186,402,686,103,575,24,0,20,448,293,16,628,96,92,13, 
932,1275,579,1800,860,353,380,842,755,174,770,370,256,339,669,470,66,338,49,0,44,450,671,17,266,0,23,53,350,251,0,231,13,0,69, 
1453,3860,1604,13585,2069,706,289,14,58,8,190,20,16,0,73,514,271,1878,427,172,108,1134,1827,503,2984,460,158,72,1633,3693,552,7652,2624,322,211, 
980,3988,1314,9359,1923,604,213,65,484,204,940,241,19,74,720,1539,285,2650,412,205,40,1895,3138,639,3366,781,195,109,1350,3061,527,3203,747,274,224, 
813,3002,1143,7806,1840,724,274,362,827,253,1558,386,74,38,1266,2282,481,1882,207,56,163,937,1930,295,1832,481,156,66,1159,1932,295,1482,136,63,0, 
1114,2317,1125,5088,1039,433,307,689,797,226,1236,288,197,57,968,1087,280,785,72,110,11,771,867,182,667,158,0,0,657,667,79,576,133,109,69, 
1319,2200,540,2974,552,163,133,1146,1117,180,1100,242,173,33,970,405,61,280,15,29,28,897,792,34,374,38,0,0,725,388,75,161,0,0,20, 
15310,80235,50580,158891,12562,4470,1585,17,141,82,503,0,10,0,234,911,850,3043,284,316,151,618,2665,800,4538,939,239,208,1199,3555,1112,9164,4794,600,704, 
12723,59245,34472,111644,15753,4972,2745,149,992,558,3706,511,214,27,844,1804,999,3788,835,336,116,1398,3047,783,4220,1832,394,419,1343,2811,906,4256,1683,665,725, 
12927,60161,29459,89287,11485,3717,1947,395,2013,1181,6929,1511,317,179,1660,2624,904,5127,1173,414,492,1055,2149,623,2896,770,606,243,1110,1619,308,2272,412,195,161, 
10558,32678,17422,63146,8829,3193,2256,759,2267,720,6203,1687,560,650,756,1563,442,3098,500,351,509,649,1180,357,1836,592,69,62,496,908,238,1755,234,91,195, 
18095,27258,12308,36123,5801,2345,2336,1624,2774,763,4048,1418,1125,839,1367,1178,374,1499,348,126,116,958,961,416,959,298,116,24,709,563,63,776,246,37,79, 
10635,57455,41954,188617,24266,6079,2095,0,13,43,452,213,86,26,70,1119,583,3895,486,222,139,514,2028,948,4896,1104,269,69,1586,5045,1197,10681,3354,731,682, 
8370,46380,31527,136570,20715,5882,2405,211,918,863,4273,860,380,75,466,1765,794,4183,829,441,205,1256,3042,1263,6742,1555,336,208,1618,3196,519,4957,1327,444,290, 
11075,48809,31090,111594,15890,3844,2034,217,1887,1076,6645,1019,213,167,1150,3098,1051,5914,977,292,200,1453,2514,808,4811,983,330,169,1242,1929,458,2954,442,221,37, 
10379,38598,22062,70770,12159,2123,1871,1366,3383,1019,5633,1296,341,210,1314,2322,460,2995,705,142,67,1330,1347,423,1646,213,69,57,1217,1246,325,1649,248,23,70, 
22218,47023,17471,40839,7760,1324,1234,3379,4951,1166,4487,821,553,256,2434,1471,287,1295,128,72,55,1797,1578,346,904,191,137,39,1569,1133,167,805,156,17,0 
*****