2010 Education by Immigration status in Alaska, race/ethnicity, gender, age 25+, wgtd 2008-12 ACS, SSDAN/U-Mich
5
RaceEth,Gender,AgeEduc,Immentry,EducAll
7,2,5,5,7
NhWhite, Black, Asian, Hispanic, AmIndian, NHOther,NHMulti
Male, Female
25-34,35-44,45-54,55-64,65+
Native,FB<1980,FB80-89,FB90-99,FB00-Current
0-9Yrs,10-12Yrs,HSGrad,SomeColl,CollGrad,Masters,PhD-Prof
1001,8232,5030,18425,1192,216,114,0,0,0,0,0,0,0,0,0,14,18,0,0,0,0,54,5,87,0,0,0,18,54,22,244,0,0,0, 
905,7623,3807,15991,2469,1058,268,0,62,10,9,0,0,0,6,33,0,27,0,0,0,0,60,22,37,60,0,0,0,7,24,6,26,0,54, 
972,11043,5098,18847,2632,1104,603,21,46,62,144,0,47,49,0,64,0,51,33,0,0,0,124,0,87,97,22,58,0,75,0,26,0,12,0, 
671,7056,3736,17360,3800,827,1031,21,104,44,245,86,75,11,11,0,0,86,6,0,0,27,31,0,32,5,0,0,0,8,9,118,0,0,0, 
1289,4716,2575,8383,1722,780,656,101,174,107,257,18,0,30,12,0,0,7,0,27,0,0,0,0,19,10,25,0,0,0,0,57,0,0,0, 
483,4617,4505,17238,2410,692,315,0,0,5,0,0,0,0,0,0,0,17,0,0,0,0,8,13,85,0,0,0,0,0,65,587,25,0,42, 
333,4914,2775,16286,3080,937,137,0,0,0,55,0,0,0,37,33,7,43,0,0,0,0,97,0,243,183,0,0,0,54,0,231,44,22,0, 
301,6420,4131,19972,3412,764,435,27,59,71,137,53,27,38,0,276,31,54,0,0,0,22,0,17,164,138,30,0,0,98,22,128,62,0,65, 
410,5289,3638,14965,3283,567,625,47,176,181,280,40,0,0,0,8,0,29,10,0,0,12,28,0,6,71,0,9,0,98,12,22,0,0,0, 
1172,5359,1921,8590,1582,90,390,168,401,144,390,26,84,56,68,9,0,11,24,0,0,0,0,0,10,20,0,0,0,24,0,8,0,0,0, 
3,479,236,1119,128,25,0,0,0,0,0,0,0,0,0,0,0,0,0,0,0,17,0,0,29,0,0,0,33,87,8,83,0,0,0, 
20,469,176,1247,75,0,0,0,0,26,0,0,0,0,0,0,0,0,74,0,0,0,0,0,37,0,0,0,26,22,0,68,0,0,0, 
51,353,178,489,106,0,0,0,0,0,148,0,0,0,0,35,149,50,0,0,0,0,0,0,38,38,0,0,0,0,0,28,0,0,0, 
10,128,72,636,76,0,0,0,0,0,0,0,0,0,0,0,0,17,0,0,0,0,0,0,0,0,0,0,31,0,0,0,0,0,0, 
64,60,115,326,25,0,0,0,0,0,0,0,0,0,0,0,0,0,0,0,17,0,0,0,0,0,0,0,0,0,0,0,0,0,0, 
0,383,17,1160,72,0,0,0,0,0,28,0,0,0,0,0,0,0,0,0,0,0,0,0,51,0,0,0,17,0,0,37,0,0,0, 
133,225,12,886,38,0,0,0,0,0,0,0,0,0,0,0,0,24,0,0,0,0,0,0,43,0,0,0,0,0,0,12,0,0,0, 
62,305,216,1113,89,0,0,0,0,0,18,0,0,0,0,0,0,43,0,0,0,0,0,0,0,0,0,0,0,0,11,0,0,0,0, 
205,165,121,370,52,0,0,0,0,0,0,0,0,31,20,0,0,0,0,0,0,0,0,0,28,0,0,0,0,0,0,0,0,0,0, 
45,310,60,177,0,0,20,0,3,0,0,0,0,0,2,0,0,0,0,0,0,27,0,0,0,0,0,0,32,0,0,0,0,0,0, 
0,524,204,528,0,0,0,0,0,0,0,0,0,0,0,254,0,244,25,0,0,21,154,64,383,0,0,0,15,182,8,278,72,0,36, 
50,262,141,236,0,13,0,0,12,19,108,59,14,0,22,354,243,180,0,55,40,104,292,34,330,2,0,45,50,337,0,372,0,0,13, 
63,102,14,260,7,0,0,0,110,57,114,0,46,0,99,230,7,531,38,0,0,103,424,90,216,11,0,0,47,252,0,151,92,0,11, 
45,86,0,140,116,0,0,120,178,0,60,6,0,0,18,144,23,224,41,0,0,0,301,0,29,0,0,0,76,381,0,135,0,0,0, 
99,6,0,83,0,0,0,6,61,0,236,0,0,62,57,44,61,43,0,0,0,96,186,40,84,0,0,0,0,103,0,0,0,0,0, 
0,729,304,420,106,0,0,0,0,0,1,0,0,0,52,79,0,93,0,0,0,0,106,82,280,0,0,0,7,300,21,634,38,12,0, 
36,398,132,123,33,114,0,89,44,15,145,0,15,0,28,286,42,230,72,0,0,250,295,94,381,25,0,0,53,322,38,617,19,0,0, 
0,477,78,209,31,83,0,162,184,23,121,12,0,0,66,311,25,419,19,0,0,124,288,45,466,57,0,0,220,129,27,210,63,52,0, 
50,193,34,123,41,0,0,78,200,0,258,0,0,0,75,111,0,190,0,0,0,161,281,0,86,0,0,0,99,318,0,273,63,0,0, 
35,0,0,13,0,31,0,340,130,21,165,10,0,0,217,266,25,7,0,0,0,77,129,38,216,0,0,0,62,49,0,53,0,0,0, 
132,527,709,667,46,17,0,0,0,0,0,0,0,0,31,39,57,0,0,0,0,108,82,128,32,0,0,0,48,127,69,53,0,0,0, 
62,255,312,774,223,38,0,0,17,0,0,0,0,0,73,90,0,87,0,0,0,76,47,97,42,0,0,0,20,149,22,0,0,0,98, 
45,567,85,318,19,0,64,117,137,122,0,0,0,0,149,32,30,77,0,0,0,20,0,0,27,0,0,0,0,0,0,0,0,0,0, 
0,177,60,322,160,0,0,61,102,0,53,0,22,0,124,24,0,3,0,0,0,0,65,0,34,0,0,0,0,0,0,0,0,0,0, 
52,20,23,108,0,0,0,35,32,0,37,0,16,0,0,0,0,0,0,0,0,57,0,0,0,0,0,0,0,71,0,0,0,0,0, 
70,339,500,1127,79,49,0,0,0,0,0,0,0,0,0,54,0,109,0,0,0,9,0,0,56,0,0,0,27,38,69,141,0,0,0, 
0,361,187,1115,146,41,0,0,0,37,101,0,0,0,30,16,73,154,23,0,0,41,126,29,137,0,0,0,0,0,0,90,27,0,0, 
36,191,62,578,129,0,0,9,21,21,47,0,0,0,77,22,43,123,0,0,19,21,37,0,86,17,0,0,22,171,0,16,0,0,0, 
0,218,43,469,26,0,0,45,120,14,25,0,0,0,0,20,0,120,0,0,0,56,0,52,92,0,0,0,28,0,0,0,0,0,0, 
58,47,19,38,48,0,0,60,67,21,29,25,0,0,0,20,0,15,0,0,0,0,0,0,0,0,0,0,42,0,0,0,0,0,0, 
478,3128,1784,1457,128,0,0,0,0,0,0,0,0,0,0,0,0,0,0,0,0,0,0,0,0,0,0,0,0,0,0,0,0,0,0, 
317,2783,1060,1270,72,19,0,0,0,0,20,0,0,0,0,0,0,0,0,0,0,0,0,0,0,0,0,0,0,0,0,3,0,0,0, 
530,2974,1110,1419,44,0,0,0,0,0,3,0,0,0,0,0,0,0,0,0,0,0,5,0,0,0,0,0,0,0,0,0,0,0,0, 
622,1723,833,1401,50,71,0,0,0,0,12,0,0,0,25,0,0,0,0,0,0,0,0,0,0,0,0,0,0,0,0,0,0,0,0, 
1434,1035,253,547,5,4,0,0,17,0,0,0,0,0,0,0,0,0,0,0,0,0,0,0,0,0,0,0,0,0,0,0,0,0,0, 
454,2392,1488,2121,0,0,0,0,0,0,0,0,0,0,0,7,0,0,0,0,0,0,0,0,0,0,0,0,0,0,0,0,0,0,0, 
254,2381,1004,2155,184,23,0,0,0,0,0,0,0,0,0,0,0,0,0,0,0,0,0,5,7,0,0,0,0,0,0,0,7,0,0, 
486,2349,1046,2262,75,0,0,0,0,0,3,0,0,0,0,0,0,0,0,0,0,0,0,0,0,0,0,0,0,4,0,0,0,0,0, 
486,1241,918,1839,344,47,0,0,0,0,0,0,0,0,0,0,0,0,0,0,0,0,0,0,0,0,0,0,0,0,0,0,0,0,0, 
1931,736,589,531,6,0,0,0,0,22,10,3,0,0,0,0,0,0,0,0,0,0,0,0,0,0,0,0,0,0,0,0,0,0,0, 
0,0,0,25,6,0,0,0,0,0,0,0,0,0,0,0,0,0,0,0,0,0,0,0,0,0,0,0,0,0,0,0,0,0,0, 
0,17,0,0,14,0,0,0,0,0,0,0,0,0,0,0,0,0,0,0,0,0,0,0,0,0,0,0,0,0,0,0,0,0,0, 
0,0,0,0,9,0,0,0,0,0,0,0,0,0,0,0,0,0,0,0,0,0,0,0,0,0,0,0,0,0,0,0,0,0,0, 
0,26,0,0,25,0,0,0,0,0,0,0,0,0,0,0,0,0,0,0,0,0,0,0,0,0,0,0,0,0,0,0,0,0,0, 
0,0,0,0,0,0,0,0,0,0,0,0,0,0,0,0,0,0,0,0,0,0,0,0,0,0,0,0,0,0,0,0,0,0,0, 
0,0,0,71,0,0,0,0,0,0,0,0,0,0,0,0,0,0,0,0,0,0,0,0,0,0,0,0,0,0,0,0,0,0,0, 
0,0,18,0,0,0,20,0,0,0,0,0,0,0,0,0,0,0,0,0,0,0,0,0,0,0,0,0,0,0,0,0,0,0,0, 
0,0,18,51,0,0,0,0,0,0,0,0,0,0,0,0,0,0,0,0,0,0,0,0,0,0,0,0,0,0,0,0,0,0,0, 
0,0,0,0,17,0,0,0,0,0,0,0,0,0,0,0,0,0,0,0,0,0,0,0,0,0,0,0,0,0,0,0,0,0,0, 
0,0,0,0,0,0,0,0,16,0,0,0,0,0,0,0,0,0,0,0,0,0,0,0,0,0,0,0,0,0,0,0,0,0,0, 
52,1343,452,1277,37,1,18,0,0,0,0,0,0,0,0,35,27,0,0,0,0,0,0,10,0,0,0,0,0,0,0,0,0,0,0, 
30,546,508,1023,27,18,0,0,0,0,31,32,0,0,0,0,0,0,0,0,0,24,0,0,14,0,0,0,0,0,225,0,0,0,0, 
22,886,394,533,74,0,28,0,0,0,12,0,0,0,0,0,0,0,0,0,0,0,0,0,0,0,0,0,0,26,0,0,0,0,0, 
135,219,135,605,23,22,0,0,0,0,10,0,0,0,0,0,0,0,0,0,0,0,0,0,0,0,0,0,0,0,0,0,0,0,0, 
136,128,91,62,50,0,0,0,0,0,0,0,0,0,0,4,0,0,0,0,0,0,0,0,0,0,0,0,0,0,0,0,0,0,0, 
284,697,218,1440,96,0,0,0,0,0,0,0,0,0,0,0,0,0,0,0,0,30,0,0,0,0,0,0,0,0,0,24,43,0,0, 
166,635,410,1150,89,0,38,0,0,0,0,0,0,0,0,0,0,0,0,0,0,80,37,0,0,0,0,0,0,0,0,4,0,0,0, 
110,233,323,1128,97,52,45,0,0,10,0,0,0,0,0,21,0,5,0,0,0,0,0,0,16,0,0,0,0,0,0,0,0,0,0, 
48,338,101,460,148,0,0,0,3,0,11,0,0,0,0,17,0,33,0,0,0,0,0,0,0,0,0,0,0,0,0,0,0,0,0, 
97,173,89,225,37,0,0,0,0,0,8,0,0,0,0,0,0,0,0,0,0,0,0,0,0,0,0,0,0,0,0,0,0,0,0 
*****