2010 Education by occupation in California, race/ethnicity, and gender for age 25+, wgtd 2008-12 ACS, SSDAN/U-Mich
5
AgeEduc,RaceEth,Gender,EducAll,Occup
5,7,2,7,6
25-34,35-44,45-54,55-64,65+
NhWhite,Black,Asian,Hispanic,AmIndian,NHOther,NHMulti
Male,Female
0-9Yrs,10-12Yrs,HSGrad,SomeColl,CollGrad,Masters,PhD-Prof
TopWC,OtherWC,Service,TopBC,OtherBC,Farm
614,1686,1447,2179,1489,473,2026,6094,4883,12439,6962,572,18470,40818,29279,52847,27058,2023,60597,99203,59178,61193,28180,1886,143222,87343,25384,8875,7495,955,44686,11798,1723,756,813,70,27272,2923,721,167,46,0, 
419,1506,1340,207,577,166,1514,7284,5567,231,1219,154,11591,52201,29555,1362,4074,1357,62103,138654,67840,3213,5228,2004,153853,96116,28989,1358,2122,1580,63579,17145,3424,245,495,154,29435,3120,998,13,116,36, 
181,344,584,265,432,389,228,1896,2637,1275,2450,118,2322,10098,8438,4150,7795,179,7170,20519,12670,6432,9003,95,10104,7504,2634,1136,675,0,2248,1306,303,112,18,0,1527,57,26,62,0,0, 
39,662,458,10,240,128,501,2388,3525,61,473,154,1747,13079,8891,173,1876,248,8984,35514,14496,608,2095,180,10892,10707,2695,206,423,0,4289,2261,335,42,25,0,1710,304,36,0,0,0, 
324,1122,1638,920,913,116,588,2101,2192,1680,2635,133,3328,13920,7473,6094,8600,307,16102,38663,16586,10416,10765,96,74939,38661,7379,3532,4218,103,39117,7938,712,244,291,0,16640,1131,223,92,32,0, 
271,1259,2715,133,635,23,551,2227,2950,29,704,16,2708,14877,10861,491,2136,44,18236,45332,19069,668,2816,140,82592,50926,11445,642,1887,251,40245,9494,1149,162,683,0,19452,1528,543,42,39,10, 
4227,13512,63154,73579,48553,39987,5091,19392,27829,44864,37559,7213,18536,61049,60831,91387,76495,11442,36139,89937,50899,56910,39538,3851,37030,27227,12346,6341,4353,634,8725,3123,550,550,349,3,3723,768,259,211,126,6, 
2547,16876,49060,3246,25501,18810,4064,31243,27665,1259,11662,3755,16425,105174,65214,3224,21226,5756,47147,158549,66579,2110,9839,2175,50541,44787,11360,721,1881,373,17226,7536,1220,43,262,32,6088,1160,820,42,50,12, 
54,183,694,861,425,267,73,297,388,441,545,400,423,1279,1423,1591,1042,105,721,1392,1217,1631,671,100,521,531,319,55,61,15,231,82,0,0,14,0,37,4,18,0,0,0, 
73,218,537,11,155,196,111,663,519,8,197,11,598,1692,1036,45,277,44,1064,3527,2203,74,270,50,1196,1008,231,23,49,19,284,82,25,0,0,0,39,77,83,0,0,0, 
0,0,119,98,34,177,0,183,28,82,22,33,165,341,370,275,308,0,282,606,515,397,90,0,807,471,151,180,0,15,358,162,22,0,0,0,137,13,0,35,0,0, 
25,0,161,0,0,0,43,135,171,0,59,0,0,319,198,0,64,0,404,1324,358,0,45,0,1081,385,317,11,14,0,786,144,35,0,12,0,184,37,50,0,0,0, 
83,150,28,48,172,0,48,647,529,772,881,13,1368,3197,2148,2090,1710,26,3650,7220,4345,4327,2620,41,8606,5454,1500,360,392,11,2605,583,88,42,55,11,1288,154,0,0,9,0, 
0,191,74,0,43,0,124,559,353,27,41,36,690,3632,1946,78,361,66,4971,12827,5453,420,506,150,9759,6428,1861,45,194,22,3547,1462,274,15,19,0,1689,139,101,0,12,0, 
935,1629,1714,3018,1983,541,3152,4742,4343,13217,7985,643,24864,37260,20995,55191,30731,1586,75765,79772,44487,58766,28031,1571,145272,72976,19172,10081,6150,721,72915,18958,3076,1188,1008,123,50717,4660,876,409,214,17, 
722,1676,2117,148,837,157,2502,7035,6177,315,1240,278,18127,59446,28423,1696,4731,870,72995,137477,51539,3939,5160,1488,136967,73507,16974,883,2266,710,80000,18506,2866,307,390,97,41728,3334,882,55,176,59, 
114,283,692,523,648,104,329,1475,1949,1627,2072,53,2554,7545,7611,5648,8935,173,8466,17259,11233,7773,10584,139,10193,6496,2163,869,1150,0,5264,1876,378,193,324,0,2590,225,82,164,38,0, 
206,546,812,85,190,93,449,1855,2940,90,493,30,2445,11343,9453,197,3079,118,15149,31949,13896,544,2482,18,12064,9364,2116,72,299,0,7528,2877,401,0,0,0,2010,446,107,0,57,0, 
514,1718,4218,2649,3882,108,713,2119,2806,2126,3264,137,4232,11235,9060,8219,9893,179,18464,28664,12512,10794,10883,141,70083,33508,7193,4052,4692,146,46673,10184,703,579,908,61,27565,1396,372,11,228,0, 
462,2574,7469,413,3779,270,437,2847,5664,370,2204,101,3153,15659,16787,1010,5172,261,20524,39339,18585,929,4094,123,77005,41758,10340,449,2705,187,38481,10065,1500,112,243,0,22308,1878,746,96,68,0, 
9043,17264,74193,90734,72937,38615,5840,13889,21104,37559,33834,5199,17537,41482,43380,73086,64890,6878,32619,51966,37442,42831,32691,1711,31129,18800,8983,6300,4199,592,12511,4119,1116,864,608,0,6747,974,290,640,387,32, 
3693,24683,83525,5143,45306,21889,3536,22529,29545,1591,12797,2422,15385,72485,62292,3257,22462,4335,42666,107664,43597,2251,10425,1610,37199,24483,8049,562,2303,216,18189,6239,842,13,357,13,6873,1425,822,31,188,84, 
45,256,686,796,492,182,144,188,457,430,601,230,531,837,932,1231,1074,138,1060,1623,1378,1512,855,90,828,535,244,69,43,21,357,16,54,3,3,0,69,9,0,0,0,0, 
21,167,637,61,361,97,79,370,719,15,231,0,263,1761,1194,30,158,0,1429,3701,1471,129,314,28,941,654,148,13,0,0,421,115,34,0,0,0,324,0,31,0,0,0, 
70,59,10,202,85,91,0,53,39,77,59,4,207,291,211,296,413,4,365,402,272,214,111,0,545,317,144,42,101,0,534,135,0,30,0,0,189,0,0,0,0,0, 
0,86,152,71,13,0,18,51,52,13,33,0,110,398,388,0,15,0,424,646,459,8,55,60,602,590,127,0,0,0,573,63,48,0,0,0,166,17,46,0,0,17, 
72,165,166,193,177,53,263,393,283,620,845,27,889,1859,1279,2502,1826,49,3514,4650,2996,2666,2051,13,5431,2342,657,282,271,43,2515,684,130,27,37,0,1569,75,48,0,85,0, 
0,156,139,0,44,0,81,390,485,81,112,22,1105,3124,1576,129,476,0,5155,8402,3467,206,376,112,7088,3124,512,137,129,8,2925,883,157,29,0,0,1950,132,46,0,18,0, 
1393,1637,1874,3373,2663,423,4994,5576,5279,17703,9234,572,35017,47361,24457,78734,44230,2127,101285,106061,46771,87186,39731,2320,159056,73336,15229,13889,7681,928,80782,21460,2646,1824,1649,258,60370,5551,961,520,518,104, 
663,1894,2629,208,1248,81,3091,9581,9115,513,2226,295,27068,94298,39000,3023,9892,1530,113227,207623,59541,5358,8624,1992,149805,79829,14325,1206,2173,955,84433,20235,2578,239,234,147,41240,4526,1070,69,140,0, 
53,394,774,456,888,112,336,1133,1984,1477,2413,110,2437,7142,8229,6325,8425,37,10559,18137,11243,8790,10475,141,10293,6693,2231,895,1567,61,4699,1782,510,171,170,0,2544,440,94,29,17,0, 
144,278,1016,25,266,39,319,1561,3866,105,608,22,3036,10814,9024,336,2163,48,15140,34029,15723,893,2941,92,12126,8636,2428,143,479,33,6475,3014,311,12,110,0,2772,294,26,0,0,10, 
1030,2774,6923,4128,5535,231,951,2463,4324,2964,4487,88,4053,11048,12810,8640,12339,288,15228,27296,11870,13109,13985,85,44272,28464,6220,5160,6743,235,28147,7844,830,462,927,16,20432,2297,605,76,362,12, 
706,4264,11464,887,6142,470,824,4189,6796,490,2821,63,5052,16708,20343,1052,8017,494,18849,39307,18009,1502,5074,194,55730,37762,12533,671,2618,99,20825,7273,1149,73,178,20,11787,1195,692,18,70,26, 
8387,14961,55196,65806,72048,28361,3137,7871,13207,22113,22753,2829,10964,22919,27877,44932,45793,4137,24842,36663,23492,33782,28236,2334,20885,12240,6082,4992,4336,482,8813,3130,985,639,505,0,6121,1054,572,325,335,34, 
3732,19392,81041,4987,46551,17717,2685,12379,21817,1277,9711,1634,11284,51504,46693,2364,18382,1733,33412,77197,34756,1614,7666,901,21843,14889,6268,320,1698,246,10641,3767,808,38,246,16,4818,994,657,28,53,0, 
97,226,530,569,579,221,53,212,607,881,521,98,290,777,685,1157,1210,157,1295,1309,1030,1632,1040,70,947,445,208,134,137,6,352,41,17,27,53,0,157,77,0,0,0,0, 
100,71,817,121,415,149,80,391,698,10,120,17,291,1544,1373,204,389,15,1433,3387,1280,150,352,3,1296,568,295,36,42,0,571,222,113,21,0,0,218,58,0,0,0,0, 
23,33,100,176,71,0,7,12,42,193,152,0,114,458,235,159,137,73,397,418,279,273,126,20,705,433,41,120,40,0,393,152,43,49,47,0,420,38,0,0,0,0, 
15,0,278,23,99,0,16,77,189,0,0,0,120,402,216,6,94,0,268,718,404,0,2,0,842,213,97,0,31,0,396,41,68,0,0,0,312,18,26,0,0,0, 
9,254,128,182,112,6,193,377,402,344,554,13,896,1495,1136,1992,1765,69,3386,4051,2204,3224,1962,76,4364,2505,618,207,261,6,1864,699,71,159,0,0,1188,148,62,27,30,21, 
32,225,320,36,53,0,148,256,646,57,94,56,829,2967,2000,165,511,72,4420,7841,3002,91,548,91,4748,2671,655,0,126,12,2478,601,93,0,0,0,1177,256,49,13,0,0, 
745,1200,1905,2419,2569,474,2491,3543,2827,6734,5245,266,20561,28679,16589,40181,27244,1759,87532,91204,35281,68003,38784,2028,123978,64267,13711,13778,9473,1191,81073,22463,3343,2580,1723,109,76774,7782,1236,490,460,57, 
575,1580,2723,224,544,111,1895,7520,5998,379,1195,91,21100,78467,27685,2554,6637,979,95717,179927,41014,3493,6349,1041,114646,64218,10699,1116,1809,549,89395,22946,2597,201,671,141,40051,5277,851,81,101,84, 
158,124,465,229,705,38,261,236,1273,910,1349,23,1149,3603,4901,2661,4405,36,5766,10162,7307,4791,7446,107,5530,4004,1742,835,821,33,3129,1848,373,98,262,0,2365,521,142,9,18,0, 
38,225,677,7,135,38,187,1259,1658,0,251,0,1820,7254,5978,46,1410,49,9086,21351,8705,409,1577,0,7941,4857,1292,98,182,18,5838,2601,290,83,12,16,1956,540,89,0,0,0, 
903,2433,7826,3697,4957,393,467,2337,2986,2350,3120,368,2900,7293,9850,5807,8234,387,8678,16832,9925,9262,9611,105,26309,20712,6590,4156,5010,226,14635,6189,727,639,743,91,12923,1541,481,143,102,34, 
515,3515,11952,885,5620,403,676,2971,5192,458,2212,102,3033,12380,14780,725,5111,258,12477,24527,12653,637,3797,135,35224,27514,10103,559,2037,52,11338,4626,930,15,280,30,6336,1262,253,26,79,0, 
4135,9260,34230,29023,41185,19243,1334,3306,6193,6745,9323,1094,4713,10728,12887,16261,18985,1325,11975,18744,12629,16770,14994,668,9352,6886,3102,2428,2208,104,6195,2005,595,398,277,42,5221,810,186,308,237,26, 
2377,9842,52656,2249,22199,9819,611,5197,9947,790,4522,477,5386,25661,22891,1103,7064,539,14962,38167,16283,843,3826,246,9299,6671,2959,233,374,47,6622,1629,458,0,292,0,2649,527,459,0,46,52, 
34,117,312,215,317,292,45,80,169,278,256,88,216,551,620,745,869,26,765,1083,617,966,641,56,598,386,110,82,86,0,481,126,0,131,40,8,208,0,5,0,52,0, 
12,122,501,15,124,126,78,191,505,12,46,0,246,1146,900,47,299,14,1203,2146,1042,55,191,108,557,220,37,14,26,0,447,237,109,0,0,4,271,98,0,0,0,0, 
0,0,41,115,27,0,26,0,11,12,15,16,84,41,124,73,108,0,173,157,225,204,117,0,250,124,25,36,107,0,248,66,36,11,0,0,203,116,13,17,0,0, 
0,127,189,0,0,0,0,75,92,0,30,0,30,251,8,0,103,23,192,287,215,0,0,0,209,113,75,0,10,11,151,48,53,0,0,0,190,0,11,0,0,0, 
92,66,192,79,153,10,35,105,47,62,284,20,538,619,725,1095,709,16,1612,1935,989,1885,1156,53,2370,1481,530,469,350,37,1257,450,118,28,51,0,984,32,10,0,55,0, 
33,237,343,9,31,32,67,207,393,16,50,0,478,1536,968,15,98,19,2444,4361,1576,42,274,38,2072,1346,449,14,116,12,1776,507,63,0,14,0,829,149,47,0,45,0, 
1379,1718,1770,1818,1908,410,2196,2563,2681,3363,3192,177,10600,14941,8255,13480,11792,839,37275,41935,15082,17716,14696,1008,52304,29833,6077,4322,4100,616,40227,12785,2158,1238,1611,180,51618,6141,944,547,462,134, 
523,1711,2440,167,499,116,1410,5320,4622,253,990,110,10040,44882,14003,633,2224,449,33878,76814,17250,1395,2186,428,37191,23750,3389,263,775,247,32302,11286,1276,119,220,112,14968,3015,291,94,87,29, 
132,240,464,141,382,54,130,213,571,248,594,69,516,1189,2297,910,1667,42,2246,3071,2227,1178,1967,27,1991,1230,672,175,92,0,1619,782,115,96,13,0,1590,129,49,12,39,0, 
28,207,734,12,66,8,161,573,1650,26,142,0,473,2114,2692,0,419,14,2832,7345,3135,96,394,0,2247,1157,452,5,22,0,2336,752,147,18,62,0,618,85,42,0,0,0, 
396,1139,2764,1084,1171,209,427,758,1294,668,952,94,826,2860,3847,1656,2174,174,2964,4879,3110,1834,2295,39,8985,7103,2806,1106,1752,38,4766,2190,286,187,349,0,6822,1305,232,45,180,10, 
218,947,3783,235,1361,111,85,982,1297,74,655,30,717,3233,4269,281,1467,27,3032,6267,3240,221,763,0,8273,8030,3111,211,693,21,2530,1049,345,12,54,0,2569,446,99,0,51,0, 
1565,2687,12836,7183,10233,6365,558,725,2658,1337,2374,461,1441,3300,4165,3895,4697,453,3875,6177,3861,3335,3292,110,3277,2152,1111,389,449,50,2266,831,132,94,61,10,2549,512,93,88,78,34, 
760,2742,14400,497,4195,2473,197,1982,3618,126,961,257,1205,7957,6440,207,1579,254,4044,9766,4144,150,864,67,2251,1384,643,44,158,13,2056,690,179,0,26,0,930,73,100,0,30,0, 
29,37,210,82,111,47,27,17,116,26,90,30,129,99,160,182,228,5,77,364,216,153,175,0,220,58,71,0,13,0,165,14,10,0,0,0,76,12,18,0,0,0, 
38,0,315,13,66,14,9,33,203,0,0,18,102,341,105,0,89,12,336,588,209,27,60,28,212,102,15,0,19,0,46,53,0,0,0,0,84,0,0,0,7,0, 
28,27,28,0,13,0,0,0,0,17,116,0,71,63,11,40,28,0,0,67,24,54,83,0,38,16,0,0,21,0,137,0,0,0,0,0,118,30,0,0,0,0, 
33,17,60,18,0,0,0,0,0,0,0,0,0,86,0,0,85,0,150,146,59,0,0,0,110,31,18,0,0,0,73,19,0,0,0,0,52,0,0,0,0,0, 
50,74,146,119,40,71,34,92,121,79,12,0,108,264,373,222,304,4,704,1062,282,575,326,0,539,360,59,133,0,0,559,96,24,20,37,0,614,122,70,26,28,0, 
25,25,188,12,18,0,37,155,230,12,55,0,144,717,405,20,36,0,566,1546,851,78,82,20,676,636,122,14,16,0,529,311,12,0,0,0,219,67,37,0,0,0
***** 