2010 Education by occupation in Indiana, race/ethnicity, and gender for age 25+, wgtd 2008-12 ACS, SSDAN/U-Mich
5
AgeEduc,RaceEth,Gender,EducAll,Occup
5,7,2,7,6
25-34,35-44,45-54,55-64,65+
NhWhite,Black,Asian,Hispanic,AmIndian,NHOther,NHMulti
Male,Female
0-9Yrs,10-12Yrs,HSGrad,SomeColl,CollGrad,Masters,PhD-Prof
TopWC,OtherWC,Service,TopBC,OtherBC,Farm
615,782,1610,3003,3837,184,669,2114,3183,6180,7706,237,5886,15823,11966,25861,34713,1093,12042,26571,16087,24318,20628,677,31359,20843,5384,3289,3516,437,9109,2513,299,83,350,61,4415,320,151,35,21,0, 
240,1679,2031,255,1384,61,881,4062,5330,316,2062,206,4408,24230,21795,753,9458,310,21267,50721,30534,1511,6784,428,42052,26788,6694,319,900,231,13809,3596,849,21,130,73,5136,377,123,0,13,0, 
65,113,234,147,390,0,228,382,1248,810,1770,19,516,1855,2716,1759,4797,0,911,3503,3135,1047,3631,0,1506,1276,277,151,243,0,605,136,0,0,31,0,56,0,0,0,0,0, 
108,137,54,0,185,0,206,1389,1039,59,512,0,594,3444,4381,127,1714,0,2230,8070,5789,194,1797,0,2665,2104,309,13,72,0,890,704,44,0,0,0,340,31,0,20,0,0, 
44,0,49,55,111,0,84,106,95,76,95,0,23,154,140,133,482,0,70,510,173,120,318,0,1636,591,113,29,38,0,2300,203,38,19,8,0,783,0,0,7,8,0, 
0,113,48,0,305,0,0,11,48,0,68,0,53,260,474,41,100,0,247,725,333,0,55,0,1313,791,142,63,100,20,1515,285,67,0,102,0,740,14,22,0,0,0, 
199,588,2737,3126,2343,350,109,440,1351,1004,1742,216,475,856,3553,2645,4160,219,513,1802,1277,1497,1952,36,985,584,437,315,221,49,353,112,19,17,22,0,168,0,47,0,0,0, 
125,584,2136,132,1736,54,11,568,669,33,811,18,294,2209,2140,138,1752,204,978,2780,1532,63,825,0,1318,637,431,19,246,0,642,135,0,30,7,0,246,0,11,0,0,0, 
0,9,41,39,72,0,0,4,14,72,0,0,37,61,108,125,152,0,32,53,10,0,96,39,66,25,51,0,19,0,5,0,0,0,0,0,0,0,0,0,0,0, 
0,45,19,0,0,0,0,25,53,0,0,0,0,37,49,0,21,0,92,283,39,0,59,0,30,57,0,0,0,0,0,15,0,0,0,0,0,25,0,0,0,0, 
0,0,0,0,73,7,0,0,0,0,0,0,0,47,0,0,32,0,25,67,47,37,53,0,167,41,0,0,0,0,0,0,0,0,0,0,16,0,0,0,0,0, 
0,0,0,0,73,0,10,0,0,0,0,0,31,0,0,0,15,7,0,5,54,0,0,0,196,16,0,0,0,0,89,0,0,0,0,0,55,0,0,0,0,0, 
15,0,25,15,27,0,23,0,136,62,88,0,86,150,299,264,398,0,461,351,239,247,412,0,543,239,31,54,43,0,345,47,0,0,30,0,88,0,0,0,13,0, 
0,20,59,24,0,0,50,13,176,0,40,0,75,495,421,0,163,0,99,661,390,16,143,0,446,544,64,0,39,34,59,74,0,0,0,0,20,0,0,0,0,0, 
713,464,1095,2787,3697,231,989,1722,2394,5931,7019,184,8789,15460,11840,34582,40153,986,16630,24101,11245,25848,22627,714,29924,18291,4274,3205,4032,137,12073,3478,425,434,287,0,6703,538,61,57,33,75, 
216,1212,2328,232,1043,2,832,3708,4582,573,2240,25,7346,35344,22148,2040,13480,411,24681,53270,20367,1958,7753,337,36853,20604,3963,272,1285,276,16413,4184,499,68,100,0,5563,346,103,13,14,0, 
37,0,162,146,274,19,46,340,674,563,1072,0,534,1797,1769,2121,4911,14,1536,2914,2242,1503,3140,56,1810,1466,508,319,460,0,765,258,0,19,96,0,320,0,22,0,0,0, 
11,75,107,40,38,0,91,769,1187,0,473,0,724,3653,3965,101,2024,0,2818,7224,4509,124,1297,0,2669,1683,325,0,107,0,1082,797,26,0,0,0,452,81,0,0,0,0, 
0,78,304,45,202,0,0,111,129,350,80,0,116,69,250,41,357,0,81,166,247,82,195,0,1285,662,111,88,156,0,1285,180,118,13,29,0,1623,47,0,0,0,0, 
0,60,234,19,99,0,63,79,130,20,65,0,84,388,366,5,129,0,556,304,483,0,210,0,1359,560,270,0,30,0,928,157,0,0,113,0,619,65,0,0,0,0, 
205,409,2089,2068,2815,390,30,133,1004,560,933,0,471,790,1230,2217,2766,91,582,951,813,1002,1303,0,951,436,176,94,295,33,611,133,0,70,52,0,255,0,0,0,10,0, 
142,580,1372,358,1221,2,127,261,696,47,623,0,268,1622,2073,100,1364,53,677,1724,974,150,581,4,1282,817,275,0,76,0,446,29,20,0,34,0,242,34,0,0,24,0, 
0,0,20,126,33,0,0,0,0,15,28,0,14,173,37,145,193,0,107,25,52,72,107,0,0,15,11,0,0,0,6,0,0,0,0,0,12,0,0,0,0,0, 
0,45,0,0,44,0,0,0,12,0,0,0,10,47,86,0,79,0,38,139,99,7,48,0,87,0,0,0,0,0,0,26,0,0,0,0,0,25,0,0,0,0, 
0,0,0,0,0,0,0,0,0,0,0,0,0,182,0,0,27,0,0,35,53,0,83,0,46,0,0,0,0,0,0,41,0,0,75,0,16,0,0,0,0,0, 
0,0,21,0,0,0,0,0,0,0,0,0,0,126,131,0,0,0,26,101,0,0,12,0,54,20,0,0,0,0,14,49,0,0,0,0,18,79,0,0,0,0, 
8,0,7,71,0,0,46,73,32,27,178,33,46,18,188,181,639,64,196,191,429,165,318,0,316,80,149,0,223,0,142,51,0,0,0,0,126,0,0,0,0,0, 
0,73,61,0,0,0,21,39,63,0,0,0,46,446,193,43,176,14,219,802,295,7,85,0,364,164,16,0,27,0,147,126,0,0,0,0,122,13,7,0,0,0, 
761,475,1243,3350,4489,117,1129,1848,2259,7541,7894,306,13174,21301,13111,44542,51738,1398,20599,23733,9621,25643,22132,440,29600,17552,2609,3837,3662,174,13825,3513,215,728,590,56,9921,695,88,89,159,0, 
313,1883,3019,86,1524,5,675,3407,5436,416,3282,137,13890,60008,27738,3339,22044,475,27042,59844,17022,1609,8555,413,31278,18602,3175,576,1203,71,19195,3827,334,40,119,0,5051,437,42,14,31,0, 
0,81,144,302,245,0,54,256,493,381,817,18,438,1371,2884,2013,4177,0,1278,2756,2429,1176,3719,0,1396,1005,349,415,249,0,518,278,0,0,0,0,433,22,0,0,20,0, 
53,101,391,0,121,0,95,399,1133,131,558,0,667,4177,3770,78,2016,0,1754,7036,3099,190,1590,0,2159,1602,444,45,97,0,823,584,223,20,0,0,423,33,0,0,0,0, 
40,0,48,34,95,0,56,19,119,23,111,0,97,172,198,106,252,0,28,103,183,17,161,0,672,247,41,58,110,0,466,133,0,0,22,0,1028,52,95,0,0,0, 
24,54,126,17,115,0,45,22,42,0,77,0,96,322,355,18,212,0,141,423,149,0,169,0,461,475,93,0,186,0,432,105,0,24,0,0,528,63,0,0,8,0, 
211,216,837,1106,1649,239,18,93,411,290,815,0,193,495,980,1162,1862,73,470,651,553,848,943,20,559,212,15,149,178,0,256,82,0,0,126,0,323,26,0,16,0,0, 
38,204,815,99,1096,60,0,255,322,0,186,0,193,1202,827,82,382,0,921,1444,575,23,344,0,659,459,339,0,19,0,279,94,0,0,0,0,198,0,23,0,0,0, 
0,23,0,18,21,0,13,0,24,39,102,0,8,62,37,53,227,0,151,83,56,46,89,0,20,55,0,0,26,0,13,21,0,0,29,0,0,0,0,0,0,0, 
0,0,51,0,9,0,20,0,22,4,57,0,10,39,89,0,136,30,49,156,214,11,132,0,24,83,0,0,0,0,131,0,0,0,0,0,0,0,0,0,0,0, 
0,0,0,0,0,0,0,0,0,0,0,0,0,77,0,19,53,0,0,25,46,0,0,0,54,62,0,0,0,0,0,0,0,0,0,0,25,0,0,0,0,0, 
0,0,0,0,0,0,0,0,0,0,0,0,19,17,142,0,0,0,14,13,24,0,42,0,59,38,0,0,0,0,20,0,0,0,0,0,0,0,0,0,0,0, 
0,0,7,14,43,0,0,48,41,93,259,0,37,52,201,354,482,11,47,196,123,113,220,0,451,21,29,77,40,0,85,86,0,0,12,0,127,34,0,0,0,0, 
0,0,53,0,0,0,0,131,37,22,59,0,47,414,314,25,172,0,423,489,256,0,107,0,316,122,18,0,0,0,136,88,0,0,0,0,109,11,0,0,0,0, 
556,668,1124,2085,4001,75,536,948,1618,3934,4973,108,9668,15523,10982,26264,36089,1214,15738,22373,8248,17282,16980,467,21534,14338,2128,2483,3383,337,14690,4584,747,633,940,74,11570,1175,70,72,168,0, 
158,891,2101,127,1798,65,405,2779,3920,280,2693,21,9211,52156,22007,2222,15400,420,19266,43372,10045,1289,4720,256,17831,12002,1773,170,582,112,23246,5031,492,46,162,27,4757,482,94,0,0,0, 
4,0,229,127,166,0,20,114,694,140,735,23,319,607,1303,977,2923,0,541,1103,1376,1142,1665,0,875,612,219,59,322,0,633,236,33,13,43,0,183,150,16,0,29,0, 
0,237,237,0,40,0,67,69,762,38,330,0,488,2440,2105,36,1337,0,1578,4166,1500,68,715,0,1031,881,73,0,75,0,1249,485,32,0,23,0,425,77,0,0,0,0, 
101,63,29,23,63,0,0,0,34,0,154,0,78,115,171,0,82,0,124,46,40,24,56,0,221,97,16,32,112,0,151,48,0,0,24,0,655,25,0,0,68,0, 
72,26,129,17,94,0,0,12,159,0,117,0,80,158,213,12,217,13,77,112,203,9,90,0,224,268,11,0,43,0,175,126,16,0,44,0,61,29,0,0,0,0, 
76,139,269,533,1566,99,109,82,129,243,206,18,28,235,342,512,1201,28,137,112,81,417,347,0,269,241,144,91,35,0,72,9,0,0,8,0,104,67,0,0,18,0, 
123,27,312,15,447,31,0,153,247,29,44,0,181,721,420,0,465,11,312,566,141,16,139,0,156,150,109,0,14,0,139,38,0,0,12,0,43,20,0,0,0,0, 
0,0,0,0,23,0,0,12,0,0,21,0,0,70,0,32,47,21,13,67,121,21,39,0,51,14,0,16,53,0,0,17,0,0,0,0,10,0,0,0,0,0, 
0,11,32,0,45,0,0,9,2,0,35,95,0,221,85,0,23,0,0,99,36,0,14,0,5,9,0,16,21,0,84,0,0,0,0,0,0,0,0,0,0,0, 
62,0,0,15,0,0,0,0,0,0,0,0,0,45,11,0,0,0,0,0,30,14,0,0,23,31,0,0,0,0,53,0,0,0,0,0,68,0,0,0,0,0, 
0,15,0,0,17,0,0,0,0,0,0,0,0,14,0,0,0,0,0,18,0,0,0,0,0,32,0,0,0,0,0,22,0,0,0,0,0,0,0,0,0,0, 
0,38,65,0,58,0,0,35,9,0,51,0,32,95,94,65,176,0,162,78,171,54,186,0,181,59,39,0,0,0,74,83,0,0,37,0,99,20,0,0,0,0, 
0,18,28,0,12,0,0,15,133,0,18,0,27,154,292,0,111,0,134,338,172,19,74,0,70,84,21,0,20,0,150,63,0,0,0,0,66,0,0,0,0,0, 
500,691,1162,1886,2994,228,557,1225,1345,1605,3152,88,6010,9628,7538,8654,13147,612,5751,9665,3561,3928,6429,294,6984,5251,1164,598,1355,183,5248,2720,687,330,579,48,6960,1151,78,29,106,0, 
88,1095,1753,135,666,37,286,2475,2956,179,1312,50,4316,25660,11682,901,5134,239,6384,16865,4250,457,1258,48,4229,3520,563,0,238,11,5912,2269,396,53,102,0,1306,306,104,0,16,0, 
0,93,232,58,199,0,0,18,204,149,394,0,134,232,399,233,598,0,234,378,505,118,539,0,251,141,92,0,55,0,169,22,0,0,0,0,130,11,0,0,0,0, 
70,183,264,0,61,0,32,149,629,0,60,0,57,791,850,20,144,0,497,1195,437,0,227,0,350,165,88,0,0,0,507,14,16,17,0,0,195,17,0,0,0,0, 
0,39,33,20,69,0,0,0,0,14,21,0,0,0,0,17,10,0,0,59,32,0,15,0,43,36,51,11,0,0,171,7,0,0,20,0,531,36,18,0,14,0, 
0,0,108,0,0,0,0,8,6,0,78,0,13,3,135,0,29,0,0,46,75,0,0,0,112,70,0,0,0,0,66,0,0,0,0,0,114,7,0,0,0,0, 
32,23,128,148,190,23,30,0,88,42,55,0,0,121,127,106,110,34,83,51,26,21,104,0,34,48,27,0,0,0,51,27,34,0,0,0,87,16,0,0,0,0, 
0,59,201,41,127,13,0,12,36,27,0,0,41,224,278,34,108,0,64,182,74,21,0,0,8,42,0,0,12,0,96,25,0,0,0,0,72,0,0,0,0,0, 
0,0,0,0,0,0,0,0,0,0,0,0,0,13,0,24,23,0,32,0,0,0,23,0,0,4,0,0,0,0,0,13,0,0,0,0,21,0,0,0,0,0, 
0,0,11,0,0,0,0,13,22,0,38,0,0,36,24,0,0,0,0,0,0,0,0,0,11,0,0,0,0,0,0,0,0,0,0,0,0,0,0,0,0,0, 
0,0,0,0,0,0,0,0,0,0,0,0,0,0,0,0,0,0,0,0,0,0,0,0,0,0,0,0,0,0,0,0,0,0,0,0,22,0,0,0,0,0, 
0,0,0,0,0,0,0,0,0,0,0,0,0,0,0,0,0,0,0,0,0,0,0,0,0,0,0,0,0,0,0,0,0,0,0,0,28,0,0,0,0,0, 
13,16,20,55,0,0,0,0,0,0,61,0,29,41,3,111,43,34,52,46,52,108,58,0,0,0,0,0,7,0,31,0,21,0,0,0,2,12,0,0,0,0, 
0,0,3,0,0,0,0,0,0,0,56,0,0,55,94,0,62,0,160,78,50,0,9,0,20,21,0,0,12,0,57,0,0,0,0,0,32,0,14,0,0,0 
*****