2010 Education by Immigration status in District of Columbia, race/ethnicity, gender, age 25+, wgtd 2008-12 ACS, SSDAN/U-Mich
5
RaceEth,Gender,AgeEduc,Immentry,EducAll
7,2,5,5,7
NhWhite, Black, Asian, Hispanic, AmIndian, NHOther,NHMulti
Male, Female
25-34,35-44,45-54,55-64,65+
Native,FB<1980,FB80-89,FB90-99,FB00-Current
0-9Yrs,10-12Yrs,HSGrad,SomeColl,CollGrad,Masters,PhD-Prof
32,387,391,15689,6587,3305,838,0,0,0,0,20,0,0,0,0,0,161,43,40,0,0,12,0,361,257,68,38,0,46,0,412,650,216,320, 
35,280,318,5788,4717,2671,844,0,0,2,23,94,41,0,0,100,0,39,30,29,34,0,0,75,326,138,51,112,0,49,0,260,471,176,252, 
15,387,156,4128,2937,1868,848,0,27,0,61,93,29,0,0,129,0,116,51,67,57,0,15,0,116,25,0,89,0,0,0,226,193,44,26, 
77,199,224,3018,2549,2265,840,0,97,0,41,90,17,106,0,16,0,19,78,0,68,0,13,0,29,27,12,131,0,12,0,60,153,20,9, 
174,409,103,2554,1793,2517,1733,0,15,0,111,153,129,332,0,0,0,44,34,19,29,0,0,0,29,42,15,0,0,0,0,0,0,0,0, 
33,182,175,15059,9484,3668,1094,0,0,0,0,18,0,0,0,0,0,59,90,76,11,0,0,0,291,340,75,14,0,0,50,648,673,133,126, 
6,111,81,4429,4005,2274,699,0,0,0,81,105,75,0,0,0,0,60,46,29,51,0,0,0,139,141,75,114,23,46,0,385,451,96,195, 
21,150,52,3598,2310,1421,550,0,0,21,53,63,16,17,0,0,36,17,0,73,60,0,0,0,83,133,0,24,0,0,14,90,158,33,18, 
110,304,222,3565,2833,1393,850,0,43,0,245,91,88,80,0,16,0,15,41,35,20,0,10,0,27,0,16,12,0,0,0,86,89,18,67, 
99,1019,400,3949,2467,669,868,14,279,182,595,227,58,118,22,11,0,31,0,18,0,0,17,0,65,0,0,0,0,92,0,0,0,0,10, 
948,5890,1558,6406,927,238,113,0,0,0,0,26,0,0,0,40,0,42,11,19,0,23,196,0,264,64,44,0,10,584,30,543,31,0,0, 
1112,5453,2260,5226,901,258,165,0,17,0,19,33,0,0,0,69,17,332,25,0,14,0,44,15,156,47,0,66,55,182,48,368,75,66,32, 
2400,7991,2113,5596,716,297,136,31,11,12,186,10,14,16,15,292,25,324,45,39,0,66,193,116,93,89,0,0,44,184,37,234,28,0,0, 
2210,5440,1938,4798,861,446,59,35,62,33,368,125,0,83,19,70,0,36,73,0,38,0,46,19,96,0,0,0,0,39,15,79,29,15,0, 
3295,5388,1313,3600,766,220,175,104,226,16,239,41,16,14,73,13,21,10,0,0,0,46,36,0,0,0,20,0,39,70,0,75,0,0,16, 
836,6263,2382,8193,2340,781,111,0,21,0,43,0,0,0,24,0,0,93,41,27,0,8,19,0,140,163,71,0,49,306,121,742,57,0,0, 
763,6781,1986,6381,1305,402,350,0,42,52,148,15,59,0,14,84,15,61,65,88,6,0,160,34,227,46,0,0,93,222,95,349,103,25,0, 
1921,8458,2363,8443,1517,452,131,0,29,47,244,53,23,0,41,155,9,178,43,12,0,54,25,0,180,93,14,0,23,173,48,128,11,0,0, 
1973,7288,1865,6349,1715,605,431,39,110,64,358,61,12,0,26,60,12,61,12,0,0,41,0,0,61,20,0,13,43,116,14,116,0,0,13, 
4509,10729,1653,6123,1716,140,349,131,503,140,166,44,10,54,91,27,0,38,0,0,0,71,20,16,11,0,0,0,129,94,43,19,0,0,0, 
0,23,1,615,356,566,85,0,0,0,24,0,46,0,35,34,20,50,13,26,56,0,13,43,195,278,10,0,12,0,17,171,335,38,43, 
190,0,11,238,399,87,14,24,0,0,148,54,54,0,10,0,0,42,55,23,20,34,34,0,112,50,31,0,0,56,0,39,155,21,38, 
0,9,0,0,0,0,22,0,0,0,20,21,0,0,20,0,83,39,73,31,35,0,85,0,75,0,9,42,10,0,0,38,16,0,0, 
0,28,0,32,43,30,23,0,0,31,33,36,31,94,0,16,11,113,39,26,15,24,0,0,14,0,0,0,51,31,0,60,0,0,0, 
28,0,0,0,0,10,0,0,0,0,59,34,0,0,0,56,0,47,0,0,0,0,14,0,16,13,0,24,0,36,0,0,17,0,0, 
0,0,0,782,628,499,58,0,0,8,19,19,29,0,20,15,0,265,179,116,0,9,14,0,232,211,13,34,7,14,38,582,381,85,73, 
0,0,22,341,54,174,58,0,0,0,122,158,133,65,0,0,0,16,69,12,0,31,0,0,182,159,14,17,85,47,0,198,176,121,45, 
0,0,28,58,33,0,0,0,55,0,17,20,0,22,33,127,0,73,54,30,0,73,38,0,130,29,0,22,0,14,0,47,18,0,0, 
0,21,0,77,15,11,0,32,14,10,73,63,0,89,74,72,0,86,50,24,0,40,54,0,28,0,0,41,92,25,0,54,0,0,0, 
8,37,18,58,0,0,12,149,26,0,91,52,22,46,89,44,0,22,24,20,0,25,0,0,12,0,0,19,0,0,0,70,0,0,0, 
220,81,91,1137,485,249,0,0,0,0,0,0,0,0,324,114,0,111,19,20,0,642,282,54,259,43,0,0,977,630,18,779,377,14,78, 
170,121,54,564,165,232,79,0,0,0,24,0,34,0,312,151,31,182,22,78,0,817,92,75,183,105,45,46,567,258,128,194,83,111,55, 
58,87,22,222,115,62,12,126,0,26,107,54,0,0,362,111,100,46,16,34,19,266,23,13,125,68,78,0,272,118,72,256,0,0,0, 
55,0,15,179,34,22,30,107,30,64,178,52,17,15,228,99,0,61,0,0,12,54,144,0,15,15,0,0,58,0,0,0,0,0,21, 
8,14,0,65,0,9,0,165,137,14,102,17,66,39,237,0,0,26,0,0,0,0,0,0,0,0,0,0,37,11,0,37,10,0,0, 
53,172,19,978,511,308,0,0,0,0,0,10,0,0,18,0,0,28,101,0,0,356,95,59,242,181,33,0,1057,448,135,711,351,32,62, 
137,76,32,293,118,233,125,0,0,0,43,33,0,0,52,102,52,76,41,11,20,586,293,76,190,72,0,28,553,249,41,128,148,46,32, 
0,54,13,133,105,21,40,68,50,31,41,8,8,59,246,237,0,79,30,0,0,541,106,15,46,74,0,71,252,59,70,104,30,27,0, 
92,69,12,137,117,48,30,96,79,9,81,0,0,0,290,57,0,38,51,12,0,77,55,16,10,14,0,0,101,95,0,64,0,0,0, 
65,10,35,54,28,0,43,314,31,82,436,127,26,29,175,24,0,42,0,0,0,38,40,0,0,18,0,0,74,23,14,0,0,0,0, 
0,21,0,27,45,0,0,0,0,0,0,0,0,0,0,0,0,0,0,0,0,0,0,0,0,0,0,0,0,0,0,10,13,0,0, 
0,0,0,0,5,0,0,0,0,0,0,0,0,0,0,88,0,25,0,0,0,0,0,0,0,0,0,0,0,0,0,0,0,0,0, 
0,12,0,82,0,34,0,0,0,0,0,0,0,0,0,0,0,0,0,0,0,0,0,14,0,0,0,0,0,0,0,0,0,0,0, 
0,0,0,34,22,0,0,11,0,0,11,0,0,0,0,0,0,0,0,0,0,0,0,0,0,0,0,0,0,23,0,0,0,0,0, 
13,0,0,0,0,13,0,0,0,0,0,0,0,0,0,0,0,0,0,0,0,0,0,0,0,0,0,0,0,0,0,0,0,0,0, 
0,0,18,232,13,43,10,0,0,0,0,0,0,0,0,0,0,0,0,0,0,0,0,0,0,0,0,0,0,0,0,0,0,0,0, 
0,0,0,46,14,57,10,0,0,0,0,0,0,0,0,0,0,23,0,0,0,0,0,0,0,0,0,0,0,0,0,0,0,0,0, 
0,73,0,42,12,0,0,0,0,0,0,0,0,0,0,25,0,0,0,0,0,15,0,0,0,0,0,0,0,21,0,0,0,0,0, 
0,8,12,0,32,0,0,0,0,0,0,0,0,0,0,13,0,0,0,0,0,0,0,0,0,0,0,0,0,0,0,0,0,0,0, 
9,0,0,130,0,0,5,0,12,0,0,0,0,0,0,0,0,0,0,0,0,0,0,0,0,0,0,0,0,0,0,0,0,0,0, 
0,0,0,19,0,0,0,0,0,0,0,0,0,0,0,19,0,0,21,0,0,0,0,0,0,0,0,0,0,0,0,110,20,43,0, 
0,0,0,44,0,0,0,0,0,0,0,0,0,0,0,0,0,0,0,0,0,0,0,0,41,0,0,0,16,0,0,0,0,0,0, 
0,0,0,15,0,0,0,0,0,0,0,0,0,0,0,0,0,0,0,0,0,0,0,0,0,20,0,0,0,0,0,0,0,0,16, 
0,0,0,0,27,18,0,14,15,0,0,0,0,0,0,0,0,0,0,0,0,0,0,0,0,0,0,0,0,0,0,0,0,0,0, 
0,0,0,0,0,0,0,0,0,0,10,0,21,0,0,0,0,0,0,0,0,0,0,0,0,0,0,9,0,0,0,0,0,0,0, 
0,0,0,0,14,0,0,0,0,0,0,0,0,0,0,0,0,0,0,0,0,0,0,0,0,0,0,0,0,0,0,60,13,0,0, 
0,0,20,0,0,0,10,0,0,0,0,0,0,0,0,0,0,0,0,0,0,0,0,0,0,0,0,19,0,0,0,17,29,0,0, 
0,0,0,0,0,0,0,0,0,0,0,0,0,0,0,44,0,0,0,0,0,0,0,0,0,0,0,0,0,11,0,0,0,0,0, 
0,0,0,24,43,0,0,0,0,0,0,0,0,0,0,0,0,0,0,0,0,0,51,0,0,0,0,0,0,0,0,0,0,0,0, 
0,0,0,0,32,0,0,0,0,0,0,0,0,0,0,0,0,0,0,0,0,0,0,0,29,0,0,0,0,0,0,0,0,0,0, 
18,65,42,346,118,155,11,0,0,0,15,0,0,0,0,0,1,14,0,0,0,0,0,0,0,0,0,39,0,0,0,72,80,0,0, 
0,20,0,248,107,29,10,0,0,0,18,0,0,0,0,0,15,24,0,16,0,0,0,0,16,0,0,0,0,0,0,14,0,0,0, 
0,71,80,155,72,13,22,0,0,0,0,12,0,0,0,0,16,0,71,0,0,32,0,0,21,0,0,0,0,10,0,0,0,0,0, 
0,12,0,89,0,0,0,0,0,11,15,0,0,0,0,0,0,26,12,0,0,0,0,0,0,0,0,0,0,0,0,0,0,0,0, 
6,27,11,43,34,22,0,0,0,0,0,0,0,28,0,0,0,0,0,0,0,0,0,0,0,0,0,0,0,0,0,0,0,0,0, 
0,35,51,493,341,226,51,0,0,0,0,0,0,0,0,0,0,0,0,0,0,0,0,0,0,0,0,0,0,0,0,15,82,16,0, 
0,53,50,274,230,161,10,0,0,0,0,23,0,0,0,0,0,0,0,0,0,0,0,0,18,0,0,0,0,0,0,28,17,0,0, 
18,23,26,161,0,22,0,0,0,0,0,30,0,13,0,0,33,0,0,0,0,0,24,0,19,0,0,0,0,0,0,0,0,0,0, 
15,89,26,158,64,11,14,0,13,27,14,0,0,0,0,0,0,0,20,0,0,0,0,0,0,0,0,0,0,0,0,0,0,0,0, 
22,90,25,130,34,39,28,0,66,17,25,0,0,16,15,0,0,0,0,0,0,0,0,0,0,0,0,0,0,0,0,0,0,0,0
*****