2010 Education by Immigration status in North Carolina, race/ethnicity, gender, age 25+, wgtd 2008-12 ACS, SSDAN/U-Mich
5
RaceEth,Gender,AgeEduc,Immentry,EducAll
7,2,5,5,7
NhWhite, Black, Asian, Hispanic, AmIndian, NHOther,NHMulti
Male, Female
25-34,35-44,45-54,55-64,65+
Native,FB<1980,FB80-89,FB90-99,FB00-Current
0-9Yrs,10-12Yrs,HSGrad,SomeColl,CollGrad,Masters,PhD-Prof
21395,82970,45725,184528,17499,4915,2781,0,0,12,70,17,7,54,0,201,83,639,65,10,0,213,551,82,1239,116,14,40,389,1006,199,2256,713,100,226, 
27410,104048,48150,194773,27176,8796,5212,31,273,74,655,146,58,30,50,155,101,662,217,59,28,103,797,177,2294,842,81,271,119,623,231,1817,470,171,499, 
35775,128375,57947,190606,28400,9907,5939,114,494,288,1546,485,233,143,61,359,122,1036,270,109,318,156,501,208,1411,328,246,232,15,302,119,1023,297,53,85, 
36200,95671,44902,176106,31172,10892,8158,280,523,352,1691,593,106,350,32,325,140,627,226,19,201,16,250,225,863,198,67,75,51,126,58,337,142,27,16, 
74323,118687,46093,137415,26969,13027,10609,569,1374,610,2603,946,370,1013,99,81,66,294,99,34,77,43,95,18,154,77,14,26,21,165,12,114,50,5,14, 
13977,54363,40144,215749,31355,6607,3312,0,23,0,60,0,0,0,0,214,182,790,183,12,22,152,380,263,1401,131,58,28,334,881,402,3524,815,161,197, 
15762,75740,45060,233647,36977,6960,3899,35,296,45,573,103,20,0,84,171,63,872,216,73,30,109,711,243,2572,625,128,194,68,630,148,1798,829,165,246, 
21754,110122,59148,237095,34869,6513,3296,22,516,214,1490,177,92,14,87,632,316,1582,268,76,48,14,570,237,1689,407,84,92,129,556,72,1046,186,9,119, 
25756,122436,56529,181870,40239,4551,4227,168,1529,595,2375,273,211,29,98,336,178,789,263,61,43,183,316,71,680,96,82,0,124,323,7,283,42,59,35, 
89638,216789,56585,162507,25938,2727,3415,1246,4999,1325,4151,509,102,212,150,297,87,349,69,0,0,191,196,57,102,8,0,16,76,180,40,247,18,0,44, 
11776,41778,16668,44283,2327,540,263,0,0,0,1,0,0,0,0,103,116,314,0,17,0,166,688,246,757,77,0,17,452,798,308,1488,147,18,88, 
8695,48347,15437,47522,3287,602,264,43,170,36,405,65,0,0,50,148,146,447,144,0,0,157,371,66,964,107,62,49,390,503,179,1402,223,68,22, 
13107,58041,13510,40375,2598,543,438,72,241,24,260,294,47,42,37,743,55,603,248,100,105,140,258,12,1026,281,115,21,124,242,88,776,128,31,44, 
16150,38497,9092,29541,3062,605,568,0,233,86,356,74,24,25,20,129,128,150,62,0,29,11,112,8,197,0,32,47,82,186,34,197,30,11,15, 
27630,25365,4059,13972,2538,446,711,82,180,153,107,44,0,34,11,44,0,5,15,0,12,16,21,0,0,15,0,27,71,13,0,183,0,0,0, 
7626,33570,16465,74501,6236,987,469,0,0,0,0,0,0,0,0,39,62,351,105,13,27,172,316,124,760,95,40,0,247,765,177,1985,125,69,0, 
6246,40460,15148,76408,7878,1109,863,21,234,0,279,92,21,0,29,126,90,862,132,20,21,165,268,164,1254,62,64,19,329,813,181,1340,144,29,40, 
11048,50188,16978,67795,6704,651,601,0,76,58,624,55,30,0,10,241,118,785,92,76,19,144,189,97,436,165,0,0,38,203,86,435,82,13,13, 
12990,41960,14014,43570,6161,453,871,0,212,86,474,118,0,0,20,153,15,261,33,26,0,64,167,77,111,15,0,0,162,220,15,182,80,0,0, 
36601,45542,8876,23257,4214,230,461,31,224,18,224,33,9,16,0,144,0,34,10,0,0,97,53,0,90,88,0,0,123,102,82,35,40,0,0, 
88,803,274,2444,483,351,47,17,105,15,97,0,65,0,82,275,233,822,109,108,10,310,660,348,1475,562,67,92,647,714,142,4030,2854,233,1043, 
116,131,164,769,123,288,14,11,305,70,1068,99,56,10,266,659,117,1403,240,127,150,812,962,285,2456,2147,239,671,664,708,0,1962,1468,171,464, 
10,318,0,502,154,65,45,66,139,209,533,102,31,127,522,676,221,1493,571,104,238,306,453,30,1267,1041,135,641,441,275,47,957,334,58,115, 
120,124,61,246,8,73,12,143,157,40,733,329,97,153,363,261,91,527,276,98,202,199,524,15,593,147,42,38,319,200,26,658,22,7,29, 
18,133,38,192,0,60,0,38,196,17,493,388,253,460,352,86,0,361,93,49,73,291,338,82,309,13,46,0,230,156,29,338,60,19,12, 
127,496,286,2002,454,262,83,0,44,0,241,29,7,11,4,435,81,1776,105,78,87,294,676,125,1983,479,79,0,937,1219,180,5538,3378,262,371, 
53,409,33,1304,205,188,103,26,330,171,849,200,77,24,443,792,273,1410,52,0,25,719,1257,302,3157,1112,243,371,1164,1513,128,3211,1137,186,236, 
102,199,115,646,122,13,25,151,306,163,783,129,28,82,930,1150,311,1409,464,97,172,432,1226,164,1349,628,106,218,326,699,23,1309,98,67,56, 
80,68,75,156,66,0,0,603,1047,269,1160,378,42,56,341,313,75,605,172,34,57,421,572,124,613,83,36,110,554,312,37,650,49,0,32, 
88,182,87,112,0,0,0,695,597,77,921,221,44,67,627,396,24,292,78,0,0,971,353,0,98,84,0,0,330,121,37,466,0,28,0, 
1757,4857,2348,6327,480,55,45,97,20,0,37,0,0,0,765,1119,376,930,17,0,0,14990,8418,1200,2523,59,30,0,21427,13669,1540,4190,420,59,40, 
1346,2318,1254,4739,438,178,90,360,555,77,708,53,13,13,4718,2313,626,1641,129,51,17,14506,7184,1305,2890,177,122,38,10620,3601,799,2017,247,55,69, 
655,1903,1160,3482,390,70,172,1160,395,127,793,128,3,16,2990,1335,790,1084,124,17,59,4028,2146,544,1393,265,19,49,3513,1240,76,1193,82,124,68, 
603,963,312,1705,229,92,11,453,387,196,720,222,4,0,1026,173,168,554,70,35,38,1047,319,24,335,96,42,14,1171,452,70,291,0,90,19, 
796,689,339,950,101,59,80,833,268,27,558,69,8,81,277,66,12,100,0,0,10,447,204,14,29,0,25,54,422,199,31,50,11,30,0, 
1949,3388,1914,8587,684,300,71,11,76,0,144,14,0,0,722,848,232,886,16,0,17,9792,5535,672,2488,119,0,9,16541,8563,1109,4874,342,226,73, 
1240,3158,1194,5780,777,48,123,100,388,160,407,23,24,0,2247,1043,343,1237,62,0,33,9495,5413,863,3971,318,89,57,6767,3377,441,2635,410,151,50, 
867,1671,762,4213,623,75,99,358,398,267,846,235,62,13,1542,956,409,1230,0,14,69,3428,1531,338,1529,226,14,35,2978,1131,137,861,47,85,7, 
441,1090,523,1838,292,96,42,472,313,209,627,280,31,44,581,315,52,335,36,0,13,1346,725,82,342,38,14,23,1250,627,113,164,24,27,26, 
798,1094,404,1059,76,52,86,580,572,98,735,140,57,51,347,77,6,76,0,16,0,605,306,0,120,0,0,0,663,227,28,123,16,0,0, 
1439,2806,1154,1437,12,32,22,0,0,0,0,0,0,0,41,0,0,0,0,0,0,111,70,0,21,0,0,0,247,91,0,14,0,0,0, 
1215,2354,858,2386,88,57,82,0,0,0,11,0,0,0,47,53,44,35,0,19,0,148,5,0,0,14,0,0,139,0,0,0,0,0,0, 
1686,2720,664,1795,124,29,1,23,0,5,0,0,0,0,58,33,0,15,0,0,0,21,11,0,0,0,0,0,23,0,0,0,0,0,0, 
1825,1705,506,1708,218,58,26,23,0,0,35,0,0,0,18,23,0,0,0,0,0,17,0,23,0,0,18,0,0,0,0,9,0,0,0, 
1640,869,357,795,23,58,35,0,0,0,0,0,0,0,0,0,0,0,0,0,0,8,0,0,0,0,0,0,41,0,0,0,0,0,0, 
908,2125,932,3387,349,16,0,0,0,0,0,0,0,0,0,0,0,15,0,0,0,146,21,0,0,0,0,0,86,99,0,43,14,0,0, 
780,2198,538,3640,299,38,0,0,0,0,0,0,0,0,19,20,0,41,0,0,0,76,23,0,9,0,0,0,65,17,18,0,0,0,0, 
1515,2305,773,2535,311,44,20,0,33,0,32,0,0,0,0,11,0,0,0,0,0,67,0,0,0,0,0,0,12,22,0,0,0,0,0, 
1085,2392,874,1730,255,12,34,0,0,0,19,0,0,0,10,0,0,0,0,0,0,15,0,0,0,0,0,0,10,0,0,0,0,0,0, 
2318,1979,401,960,55,18,25,40,0,29,27,0,0,0,0,0,0,0,0,0,0,10,0,0,0,0,0,0,23,0,0,0,0,0,0, 
81,156,23,342,0,0,0,0,0,0,13,0,0,0,0,0,0,11,0,0,0,67,38,0,18,0,0,0,80,131,2,125,61,0,0, 
13,0,77,160,52,74,8,0,0,0,0,0,0,0,38,0,0,67,0,0,0,0,50,55,14,106,0,0,0,101,0,119,27,0,0, 
0,30,20,242,88,0,0,0,0,0,29,0,0,0,0,7,22,0,28,0,9,33,18,85,0,0,0,0,0,11,0,51,0,0,0, 
0,26,0,67,0,20,13,0,0,29,0,15,0,0,0,0,0,26,0,0,0,0,0,0,59,0,0,0,12,21,0,42,0,0,0, 
4,18,0,0,17,19,17,0,0,15,0,0,0,0,0,17,0,16,0,0,0,0,0,0,0,0,0,0,0,0,0,0,13,0,0, 
0,0,55,353,99,0,0,0,0,0,0,0,0,0,16,0,12,80,26,0,0,45,0,62,10,65,42,0,19,45,0,208,31,0,0, 
89,299,4,231,55,41,0,0,0,0,66,0,0,0,0,0,0,30,0,0,0,99,13,0,88,0,19,0,32,182,0,0,13,0,42, 
0,20,20,227,48,0,8,0,21,0,12,17,0,0,0,60,0,0,11,0,0,0,100,0,0,20,0,18,0,175,0,59,0,0,0, 
0,70,0,114,38,25,28,0,19,0,0,0,0,0,0,15,0,13,0,0,0,0,81,0,55,0,0,0,0,0,0,39,0,0,0, 
0,38,0,66,33,0,0,0,0,0,19,0,0,0,47,0,0,0,15,0,0,0,0,0,0,0,0,0,0,0,0,0,0,0,0, 
708,1590,1462,3531,278,57,13,0,0,0,58,0,0,0,0,0,0,24,0,40,0,0,0,0,97,0,65,73,26,40,28,201,0,0,0, 
367,963,855,2926,249,98,63,0,0,10,63,0,0,0,0,13,5,126,96,0,0,51,90,0,20,11,32,0,54,13,15,40,1,0,15, 
479,1414,732,2405,228,117,2,0,4,68,179,0,0,0,16,0,0,17,0,0,0,0,0,18,53,18,0,0,0,11,0,66,0,0,14, 
482,998,559,1375,203,56,43,0,20,18,124,0,8,0,0,16,0,47,22,0,31,0,8,0,33,0,0,0,0,18,14,61,0,0,0, 
568,621,203,552,140,10,17,0,18,8,10,56,0,0,0,0,0,0,0,0,0,13,10,0,21,28,0,0,0,0,0,49,0,0,0, 
423,1124,1084,5284,427,50,37,0,0,0,0,0,0,0,0,0,12,129,0,0,0,19,65,0,232,24,0,0,0,105,0,207,10,16,0, 
347,910,704,3875,816,92,48,0,0,0,137,0,0,0,24,26,0,127,0,0,0,10,0,0,31,29,0,0,46,82,32,233,38,0,0, 
393,875,903,3127,584,11,86,0,19,7,167,0,31,0,0,0,0,172,19,0,0,16,0,0,21,67,0,0,0,27,0,142,0,0,0, 
395,720,811,1985,302,101,86,17,116,0,120,23,30,0,14,0,0,23,0,0,0,18,0,2,30,0,0,0,0,30,0,32,0,0,0, 
742,859,340,975,149,5,0,83,41,2,36,0,1,12,0,0,0,37,0,0,0,10,13,0,0,0,0,0,40,15,0,28,0,0,0 
*****