2010 Education by Immigration status in Illinois, race/ethnicity, gender, age 25+, wgtd 2008-12 ACS, SSDAN/U-Mich
5
RaceEth,Gender,AgeEduc,Immentry,EducAll
7,2,5,5,7
NhWhite, Black, Asian, Hispanic, AmIndian, NHOther,NHMulti
Male, Female
25-34,35-44,45-54,55-64,65+
Native,FB<1980,FB80-89,FB90-99,FB00-Current
0-9Yrs,10-12Yrs,HSGrad,SomeColl,CollGrad,Masters,PhD-Prof
12928,100062,55432,267018,35333,11084,3208,47,0,30,227,19,14,24,26,552,177,1890,505,131,42,619,3681,697,5785,1038,121,97,430,5387,969,10010,2242,550,542, 
11407,113158,53185,242916,47382,14188,5550,205,1157,347,1373,520,246,91,305,1640,376,2541,593,94,88,839,7315,813,7639,2602,654,458,381,4227,909,5088,1767,418,718, 
18734,172108,72268,262962,52295,19042,6698,591,2572,885,4204,1068,102,275,531,2612,962,3905,1389,354,403,596,4994,766,4669,1664,491,620,632,2509,209,2389,749,179,186, 
16671,125924,56272,219773,51747,19297,8475,2142,5725,1579,6144,1816,732,610,515,2762,318,3026,878,188,322,997,2574,306,2891,917,230,453,189,1432,231,966,418,108,161, 
51846,175713,61158,151912,38950,16313,11047,8172,9316,2438,7052,1896,1206,1277,672,1050,164,496,435,133,151,596,1228,93,1117,387,44,207,581,922,163,551,101,36,189, 
9041,65319,42284,281183,62074,11164,3883,20,31,20,527,18,16,17,0,362,209,2124,230,300,111,383,2655,772,7890,1869,553,121,563,4101,913,12194,3295,465,440, 
8642,90545,48784,262407,59703,10996,4562,167,911,452,1663,566,207,40,370,1325,391,2198,423,194,36,475,5697,1026,9464,2555,623,388,557,2893,585,5959,1983,463,296, 
13684,157304,77541,293441,58179,10435,4958,645,3392,926,4181,733,171,75,536,2895,383,4197,957,264,115,692,4290,768,5443,1735,498,400,463,2977,375,3076,705,145,125, 
14693,151421,68341,210385,59217,7407,5920,2237,7759,1272,6596,1383,465,189,551,2808,243,2672,905,234,80,1110,3780,326,3131,730,554,195,719,1993,319,1654,462,95,77, 
75160,317660,77154,171657,37182,3772,3701,13640,16712,3036,9578,2049,439,293,1494,1409,299,1209,337,185,132,1625,1921,228,1196,726,325,15,1187,947,60,839,110,92,38, 
8060,38402,15491,41972,2647,712,218,0,0,0,47,0,0,0,36,103,63,178,0,0,47,61,439,100,667,262,4,0,391,1025,164,2558,460,264,0, 
6045,36522,13624,44495,4769,771,804,0,60,0,229,36,55,0,71,63,19,384,241,0,0,129,336,124,1101,495,37,78,65,557,280,1252,471,25,262, 
10021,41463,11979,43358,3608,747,402,50,269,120,656,163,69,70,37,269,62,1036,297,84,16,134,229,87,1086,383,79,155,274,378,201,673,84,0,34, 
8023,29048,8647,29757,3468,898,499,188,448,52,644,173,0,65,148,227,24,408,128,57,0,86,128,58,210,77,124,36,61,79,32,116,101,0,72, 
18008,25144,4808,16601,2340,670,476,150,348,90,358,190,98,139,176,47,86,29,68,0,0,74,39,0,49,0,42,0,83,36,56,95,0,0,0, 
5123,36069,12595,63339,7163,910,260,0,48,0,17,0,0,0,0,70,13,230,0,11,0,0,180,25,1004,246,12,0,93,759,161,1899,217,0,0, 
5094,35778,12117,63389,9760,1365,555,0,20,0,91,62,90,37,37,121,87,355,81,16,0,186,375,207,1114,155,120,84,364,761,216,664,347,74,9, 
7089,38385,15526,64338,7983,1430,889,20,222,156,446,193,40,0,22,389,88,675,119,24,0,121,480,101,613,272,0,95,64,632,35,403,37,72,0, 
7602,32724,11503,42060,8949,820,883,89,238,92,625,154,0,0,47,203,15,204,22,13,0,66,181,0,99,85,17,0,135,148,20,160,62,0,0, 
25086,39512,10056,28672,5356,419,389,231,381,99,494,75,0,0,203,189,0,0,0,0,0,115,69,0,79,0,0,0,102,65,144,84,0,0,14, 
227,475,742,10218,2227,1388,337,0,58,18,200,250,208,0,55,459,277,3157,328,227,41,203,1067,188,5955,1881,294,153,236,1125,341,10306,8740,1216,1009, 
187,283,252,3475,1199,743,163,11,161,82,2456,832,545,151,222,1174,506,3958,927,299,79,476,1466,275,7434,5940,413,1049,786,912,210,5974,3083,917,1315, 
52,308,84,1961,223,196,25,71,857,340,2881,670,131,177,736,1639,391,4868,2204,487,966,480,1719,307,4572,2151,479,766,750,1134,141,2977,663,329,217, 
12,313,86,913,445,73,62,483,1065,334,5049,1372,849,594,509,1242,537,3765,890,274,273,614,1319,97,2134,418,298,77,532,1436,192,1895,328,146,74, 
146,578,149,540,89,19,59,640,1302,154,4370,1935,1576,779,634,1045,245,1867,314,161,45,688,1114,100,1372,244,220,53,597,839,28,1525,223,186,74, 
79,541,366,8990,2171,2207,407,0,133,16,410,96,108,11,0,437,137,3170,646,448,282,198,1180,274,6066,785,435,341,711,2263,477,14691,8734,1239,516, 
79,326,190,3274,1222,556,292,33,317,73,3406,848,273,145,324,911,347,3853,603,119,89,908,2181,171,10034,4684,536,1042,1194,2185,226,8297,3145,478,807, 
149,304,165,1609,556,144,46,184,847,191,2903,363,137,101,759,2415,551,7294,1697,465,265,1277,2031,343,5473,1263,336,294,1301,1663,317,3802,643,174,121, 
245,333,134,829,333,58,171,865,2122,516,7562,1507,601,82,869,1422,185,4227,1020,176,143,896,1637,193,2605,318,67,18,897,1693,214,2847,154,58,23, 
72,697,58,588,185,0,0,2833,2707,225,4769,1339,818,189,1806,1349,103,1745,277,82,16,2574,1165,38,1480,65,0,22,1331,954,59,1443,254,24,0, 
7309,25916,9498,31953,2024,463,180,147,668,152,441,66,0,0,2067,4451,1001,3131,105,161,0,22977,18250,2763,5646,180,177,42,19062,17978,2002,5586,805,313,280, 
4904,15402,5468,17911,2080,403,223,1905,4682,1099,4077,362,62,0,15582,10045,2766,5090,374,0,27,20058,17628,3189,5634,591,325,23,8272,6362,744,3328,526,236,74, 
4647,9592,3867,10429,964,609,113,12477,7447,2401,4259,639,130,33,13098,7144,2001,3753,403,103,205,6000,3618,541,2799,305,166,71,2754,1591,315,790,199,168,11, 
3085,6162,2013,5467,588,200,63,13290,5788,1855,3810,393,290,100,3063,1638,359,1001,65,232,29,2530,1165,153,639,80,122,0,1951,582,260,512,65,53,0, 
6209,4021,916,2092,285,87,82,10275,2787,885,1343,304,389,105,2106,314,104,221,8,0,16,2021,426,19,133,12,23,17,1281,309,32,91,0,78,0, 
5194,18789,7286,39805,4530,923,269,238,628,292,641,44,64,0,1030,3211,604,3824,242,68,0,13309,12960,2515,6908,327,17,15,15651,15198,2025,6275,768,548,65, 
3369,11691,5364,22126,2886,600,198,1363,2792,905,3875,525,108,16,8152,6633,1843,3468,149,36,0,21563,15863,2743,7299,486,230,84,7983,5004,1052,3862,517,269,75, 
3504,9896,4038,13084,1683,491,76,8595,4680,1997,4031,613,95,34,10982,4133,1505,3246,248,129,46,8588,3559,1279,2172,106,116,135,4028,2485,228,1046,170,66,24, 
4714,6115,2336,5092,1034,130,119,10324,4748,1285,2328,445,137,84,3625,1206,350,711,178,65,0,4353,986,163,638,205,50,54,2935,1017,194,571,111,0,0, 
8374,5356,1298,1963,443,0,37,9081,3772,762,2211,209,86,117,3104,454,88,354,15,36,0,2893,308,132,188,42,37,0,2486,179,0,285,0,15,0, 
73,258,333,975,7,40,0,0,0,0,0,0,0,0,0,25,0,0,0,0,0,58,30,38,0,0,0,0,49,11,0,0,28,0,0, 
91,255,324,441,34,7,13,14,0,0,73,53,0,0,90,23,9,34,0,0,0,35,132,0,13,0,0,0,0,52,0,0,0,22,0, 
51,440,333,582,99,15,78,56,0,0,80,0,0,0,118,35,26,0,0,0,0,68,0,0,0,0,0,0,0,0,15,22,0,0,0, 
57,308,244,475,207,14,19,82,70,0,34,0,0,0,62,0,0,0,0,0,0,0,0,0,0,0,0,0,0,0,0,13,0,0,0, 
102,162,238,93,54,27,28,22,15,0,0,0,0,0,11,0,0,0,0,0,0,32,0,0,0,0,0,0,0,0,0,0,0,0,0, 
55,402,184,557,96,14,0,0,0,0,0,0,0,0,0,0,0,30,0,0,0,0,48,7,0,0,0,0,108,32,0,59,0,0,0, 
64,282,203,847,45,30,0,0,0,12,33,0,0,0,77,0,0,14,48,0,0,179,130,31,33,0,0,0,0,0,9,60,12,0,0, 
36,471,232,699,85,61,30,63,40,0,0,0,0,0,84,0,0,11,0,0,0,61,60,0,0,0,0,0,0,0,0,20,0,0,0, 
174,247,213,594,153,0,48,54,66,52,0,0,0,0,21,79,0,23,0,0,0,27,25,0,0,0,0,0,0,0,0,0,0,0,0, 
212,309,111,420,17,42,0,55,12,42,56,0,0,0,28,11,0,0,0,0,0,36,17,0,0,0,0,0,27,0,0,0,0,0,0, 
70,283,104,423,309,34,0,0,0,0,0,0,0,0,68,0,0,24,0,0,0,46,0,0,115,20,13,0,100,54,38,166,0,0,0, 
17,81,105,271,0,0,0,143,58,0,14,34,0,0,113,43,0,103,0,0,0,58,51,0,13,14,21,0,155,53,0,115,110,0,0, 
32,125,0,179,150,57,0,5,0,0,116,0,0,0,0,0,12,39,0,0,0,0,43,0,12,51,42,0,0,0,0,0,0,0,0, 
0,74,59,166,0,22,16,21,0,0,20,0,0,0,0,0,0,38,0,0,0,0,0,0,0,0,0,0,0,0,0,34,0,0,0, 
15,0,27,40,0,0,0,17,0,0,108,23,0,24,0,0,0,49,0,0,0,0,0,0,79,0,0,0,0,75,0,88,0,0,0, 
84,237,47,683,152,28,0,0,0,0,16,0,0,0,21,0,0,94,0,0,0,142,57,44,79,23,0,11,21,0,0,121,223,0,0, 
39,59,82,306,193,17,0,0,5,63,36,0,0,0,0,13,0,146,0,46,0,67,15,56,111,0,0,0,0,17,0,113,0,0,0, 
0,136,31,338,52,10,0,59,0,0,12,0,0,26,4,0,29,29,0,0,0,16,16,0,22,11,0,0,121,7,0,65,0,8,0, 
81,26,12,287,38,0,0,0,0,0,74,0,76,24,18,51,0,0,0,0,0,35,31,0,0,0,0,0,0,0,0,121,0,0,0, 
52,73,0,197,27,0,0,15,11,0,23,0,0,0,0,0,0,57,0,0,0,0,0,0,43,0,0,0,82,26,0,0,0,0,0, 
261,1721,1556,4703,471,340,150,0,26,0,0,0,0,0,0,45,0,31,0,28,0,0,108,0,138,106,12,15,0,80,45,328,173,13,15, 
172,1461,901,3646,635,217,114,0,0,51,32,54,17,0,0,0,29,177,64,0,21,24,32,25,196,185,26,38,17,19,54,177,184,0,65, 
270,1342,444,2151,261,112,8,0,49,25,95,147,20,0,0,91,51,239,38,53,0,19,60,36,56,0,0,0,63,34,0,47,0,0,0, 
154,694,327,1348,107,90,44,16,0,21,222,48,121,19,0,30,35,47,16,0,0,0,78,20,112,27,12,0,0,33,0,36,0,0,0, 
367,1013,321,804,177,68,59,12,49,41,220,32,44,7,32,14,0,69,0,0,0,19,65,0,16,28,0,0,24,19,18,37,0,0,33, 
380,1040,1074,6201,963,231,129,0,0,0,0,0,0,0,0,13,15,90,18,0,0,0,58,0,231,37,26,4,0,74,49,347,187,0,0, 
85,952,623,4316,628,301,64,0,13,0,124,17,0,20,0,59,0,67,0,0,0,0,38,19,297,74,27,0,48,86,0,209,96,0,29, 
243,770,801,2691,536,85,84,0,74,15,83,13,0,0,0,54,55,86,70,10,0,36,149,67,140,38,0,0,3,93,0,166,9,0,0, 
228,836,520,1718,310,14,29,95,151,8,259,52,27,0,39,119,0,132,0,0,0,17,48,0,42,0,0,0,45,17,0,51,10,0,0, 
566,1071,505,1432,287,46,0,104,154,26,84,15,42,0,122,149,0,61,0,0,0,44,34,0,36,0,25,0,25,0,0,54,11,0,0 
*****