2010 Education by Immigration status in South Carolina, race/ethnicity, gender, age 25+, wgtd 2008-12 ACS, SSDAN/U-Mich
5
RaceEth,Gender,AgeEduc,Immentry,EducAll
7,2,5,5,7
NhWhite, Black, Asian, Hispanic, AmIndian, NHOther,NHMulti
Male, Female
25-34,35-44,45-54,55-64,65+
Native,FB<1980,FB80-89,FB90-99,FB00-Current
0-9Yrs,10-12Yrs,HSGrad,SomeColl,CollGrad,Masters,PhD-Prof
10545,42297,23131,83528,7260,2907,1077,0,0,0,51,0,0,0,0,28,0,333,69,14,0,45,41,27,370,43,28,20,351,646,197,1336,416,22,99, 
11904,51478,22688,86354,11061,3291,1585,44,145,74,313,14,0,0,25,78,6,197,20,10,43,0,254,62,506,276,63,50,186,230,132,889,271,51,89, 
17250,63615,24239,87450,12514,4457,2408,77,235,252,791,166,39,7,9,162,31,330,95,0,39,37,114,68,552,93,53,69,124,87,31,437,344,22,24, 
18103,46100,21143,86137,16261,5588,3051,145,269,174,1300,359,125,113,0,75,21,241,69,14,37,62,144,92,269,117,10,49,23,221,44,183,55,19,43, 
31497,55885,23766,75994,16923,6950,5040,259,876,285,1384,391,179,381,78,79,32,160,73,14,45,15,74,38,83,59,12,14,9,101,16,71,27,0,0, 
7861,31683,18571,96642,15436,2857,1354,0,0,19,82,0,0,0,0,81,11,164,16,45,0,0,85,24,340,94,29,26,389,388,114,1388,441,10,126, 
9644,42145,20959,95107,16840,2780,1500,0,127,47,344,81,0,40,16,128,39,321,35,28,22,78,281,140,536,261,127,6,104,304,118,760,213,99,75, 
13222,58633,25897,101107,16352,2550,1382,16,385,53,715,160,30,14,23,273,166,438,79,52,38,41,67,165,560,189,45,79,69,235,49,370,46,0,0, 
14141,64684,25555,83828,20817,2295,1904,37,956,320,1064,250,51,27,98,201,49,526,27,22,5,124,303,40,189,115,34,32,71,196,0,229,54,0,0, 
40151,107127,26514,77504,13923,1353,1453,964,2877,838,2567,332,19,73,73,311,47,97,0,12,0,16,137,0,70,42,0,9,0,68,15,284,26,0,0, 
8399,33900,11164,24069,1089,155,12,0,20,0,0,0,0,0,0,23,0,89,0,0,0,21,66,42,55,12,0,0,78,158,62,396,202,14,45, 
5030,37003,7305,23369,2422,263,349,0,19,20,64,22,0,0,0,11,0,169,34,0,0,16,30,58,142,0,0,0,73,165,7,308,29,0,15, 
8624,41399,6176,21884,1702,61,314,25,260,0,58,42,0,0,13,102,27,214,49,0,0,13,24,0,180,29,0,21,0,53,0,32,27,0,0, 
12907,28698,4486,16319,1763,397,435,15,102,29,90,61,0,85,46,42,15,21,26,0,19,0,0,0,0,52,0,40,0,8,0,0,0,0,0, 
20874,16793,2297,7512,1625,221,184,58,170,43,161,12,9,0,10,0,0,0,0,0,0,0,22,0,30,24,0,0,0,0,0,0,0,0,0, 
5207,27623,8404,43090,3928,751,255,0,0,0,0,0,0,0,0,57,0,64,0,0,0,0,124,0,24,175,8,0,73,129,28,359,83,32,0, 
4306,33050,7070,37385,5370,799,363,0,36,0,0,23,0,0,0,94,0,190,73,0,0,0,58,0,318,23,11,0,90,95,58,171,79,0,32, 
6606,40380,8101,36824,4666,286,316,13,0,0,144,31,36,0,9,34,12,175,0,0,9,11,72,0,98,0,0,0,39,74,0,0,0,0,52, 
11328,34982,5660,22850,4286,286,502,70,149,62,160,34,41,25,8,47,4,0,0,0,0,11,19,0,59,0,0,0,11,0,0,0,11,0,0, 
28426,29581,3332,12571,2915,220,442,80,140,0,84,16,0,0,0,0,0,2,17,0,0,0,0,0,0,0,0,0,0,112,0,15,0,0,0, 
95,453,143,661,159,48,0,0,0,0,0,0,26,0,12,152,12,383,117,0,15,142,228,70,396,140,47,38,31,391,86,777,863,0,151, 
25,191,0,498,0,75,27,196,62,78,297,40,86,16,85,223,95,207,50,17,34,111,121,84,176,224,62,230,190,203,16,744,383,104,105, 
0,307,44,53,43,0,31,44,64,36,350,32,0,0,99,155,147,212,160,13,114,117,179,34,424,56,64,97,17,159,0,273,238,9,0, 
39,2,0,117,0,0,0,114,121,41,306,110,29,39,24,146,57,164,11,105,43,16,144,45,140,22,0,0,21,140,0,228,50,0,0, 
89,30,17,23,25,0,7,85,29,30,264,108,152,138,102,64,0,76,73,0,0,49,29,12,99,26,0,0,43,18,32,50,0,0,8, 
33,195,179,1148,103,54,0,0,0,0,31,0,0,0,31,183,30,349,0,35,32,4,96,34,514,9,0,31,32,577,163,1225,774,0,128, 
50,76,57,552,27,17,86,0,117,34,147,43,14,24,80,291,106,457,52,25,40,280,213,87,633,218,88,44,134,381,20,915,153,56,116, 
128,199,36,94,105,40,0,56,186,106,320,59,44,0,286,252,109,520,129,43,95,33,250,109,318,66,21,38,136,292,0,467,11,10,9, 
0,50,37,163,3,0,0,410,382,93,648,89,8,0,92,174,19,379,68,0,20,222,183,12,101,0,0,0,155,72,0,161,84,0,0, 
25,25,0,67,35,14,0,366,436,71,526,124,39,21,322,114,0,65,8,0,0,60,63,66,51,0,0,0,115,53,0,131,10,0,0, 
702,1240,792,2759,106,24,16,0,0,17,0,0,0,0,212,206,33,198,24,0,0,2978,2956,222,752,54,15,52,6572,5156,913,1918,45,36,0, 
751,1142,546,1798,263,72,16,100,106,0,80,28,0,0,1042,669,118,350,8,43,0,2541,1724,245,992,42,129,11,3676,2105,306,903,128,36,0, 
399,596,497,1050,112,21,0,241,184,95,332,0,0,0,731,771,95,227,11,14,0,750,650,84,449,14,0,0,1052,767,72,570,58,103,0, 
188,453,378,732,143,0,49,260,308,60,178,46,23,0,150,71,33,83,27,12,50,231,63,90,247,61,0,0,421,84,0,72,20,0,0, 
388,347,178,309,54,33,33,99,152,0,179,24,78,43,165,46,0,14,0,0,0,95,25,0,37,0,0,0,120,0,6,166,23,0,0, 
728,1185,764,2382,142,23,20,0,42,0,9,27,0,0,139,214,77,263,59,0,0,1575,1867,150,511,35,39,0,4281,2617,383,1298,126,10,25, 
555,934,362,2139,292,7,47,182,128,22,58,13,0,0,291,531,245,370,45,55,0,1646,1100,149,707,10,0,29,2180,1491,194,951,116,21,117, 
215,615,398,1381,202,43,0,108,272,138,189,12,0,16,213,217,51,226,116,0,0,459,440,78,352,76,0,0,813,342,92,355,64,75,67, 
223,515,206,896,125,0,210,53,170,16,364,19,26,0,225,82,0,166,30,0,0,124,95,38,92,0,0,0,233,126,0,106,0,17,0, 
299,785,140,341,19,0,48,345,139,19,220,163,0,0,154,57,0,12,0,0,0,127,57,29,75,0,16,0,256,125,27,65,0,0,0, 
149,283,267,282,24,0,0,0,0,0,7,0,0,0,0,0,0,0,0,0,0,29,0,0,0,0,0,0,54,83,0,0,0,0,0, 
176,351,55,348,59,0,0,0,0,0,0,0,0,0,14,0,0,0,0,0,0,15,0,0,2,0,0,0,0,0,0,0,0,0,0, 
273,467,162,466,0,87,32,0,0,0,35,0,0,0,0,0,0,17,0,0,0,0,0,0,0,0,0,0,0,0,0,0,0,0,0, 
285,246,112,143,90,14,0,0,0,0,0,0,0,0,0,1,0,0,0,0,0,0,0,0,0,0,0,0,0,0,0,0,0,0,0, 
316,120,103,81,12,0,0,13,8,0,0,0,0,0,0,0,0,0,0,0,0,0,0,0,0,0,0,0,0,0,0,0,0,0,0, 
104,104,30,405,38,37,0,0,0,0,0,0,0,0,0,0,0,0,0,0,0,3,0,0,0,0,0,0,0,0,0,15,0,0,0, 
117,115,91,424,4,20,0,0,0,0,0,0,0,0,0,0,0,0,0,0,0,0,0,0,56,0,0,0,16,0,0,0,0,0,0, 
157,508,409,353,1,0,0,16,0,0,0,0,0,0,2,0,0,0,0,0,0,0,0,0,0,0,0,0,0,0,0,0,0,0,0, 
94,397,122,256,1,0,0,2,0,0,25,0,0,0,0,0,0,0,0,0,0,17,0,0,0,0,0,0,0,0,0,0,0,0,0, 
232,170,61,49,51,0,0,0,0,0,0,0,0,0,0,0,0,0,0,0,0,0,0,0,0,0,0,0,0,0,0,0,0,0,0, 
0,71,0,43,0,0,0,0,0,0,0,0,0,0,0,0,0,0,15,0,0,0,89,0,10,0,0,0,155,66,14,106,19,0,0, 
0,0,0,212,0,14,0,0,21,0,0,0,0,0,0,0,18,0,0,0,0,53,0,0,0,0,0,0,52,0,0,48,0,14,0, 
0,34,0,103,0,0,0,0,0,0,60,0,0,0,0,77,0,0,0,0,0,0,0,0,45,0,0,20,0,0,0,0,0,0,0, 
0,46,0,10,16,0,0,0,0,0,0,0,0,0,0,14,0,0,0,0,0,0,0,0,0,0,0,0,0,0,0,0,0,0,0, 
0,0,0,12,0,0,0,0,0,0,0,0,0,0,0,28,0,0,0,0,0,0,0,0,0,0,0,0,0,0,0,0,0,0,0, 
0,124,0,33,0,0,0,0,0,0,0,0,0,0,0,0,0,17,0,0,0,0,0,0,18,0,0,0,35,122,0,64,42,0,0, 
39,12,0,50,0,9,0,0,0,0,0,0,0,0,148,0,0,12,0,0,0,0,0,0,26,0,0,0,26,29,0,0,15,0,0, 
30,26,0,39,0,0,0,0,0,0,0,0,0,0,0,0,0,0,0,0,0,0,0,0,0,0,0,0,0,33,0,0,0,0,0, 
0,18,0,0,21,0,11,0,9,0,0,0,0,0,0,0,0,0,0,0,0,0,0,0,0,0,0,0,0,0,0,13,0,0,0, 
20,14,0,8,0,0,0,0,0,0,0,0,0,0,0,28,0,0,0,0,0,0,0,0,0,0,0,0,26,0,0,0,0,0,0, 
311,947,678,1353,47,28,0,0,0,18,0,0,0,0,0,0,8,0,0,0,0,0,0,0,99,0,0,0,0,57,0,60,0,0,0, 
187,584,232,861,40,86,0,0,0,0,0,21,0,0,15,0,0,0,16,0,0,90,0,0,9,37,0,0,0,0,0,0,0,0,0, 
165,574,332,769,130,0,7,0,0,0,0,29,14,0,18,0,0,0,37,0,0,0,0,0,0,0,0,0,0,0,0,0,0,0,0, 
146,259,159,601,89,0,41,0,0,0,31,0,0,0,15,9,0,15,0,0,0,0,7,0,0,14,0,0,0,0,0,0,0,0,0, 
451,319,145,326,32,20,27,0,0,12,0,0,0,0,0,0,0,0,0,0,0,0,0,0,0,0,0,0,0,0,0,0,0,0,0, 
142,556,655,1834,172,19,33,0,0,0,0,0,0,0,0,22,0,38,0,0,0,0,0,29,14,11,0,0,0,74,18,42,65,0,0, 
87,538,447,1276,302,28,9,22,0,16,0,0,0,0,0,0,0,41,0,0,0,0,24,0,89,10,0,0,0,0,0,25,16,0,0, 
212,666,362,1496,195,0,17,0,0,16,66,0,0,26,0,36,51,38,0,0,0,0,0,0,20,0,0,0,0,40,0,3,6,0,0, 
206,518,221,553,132,33,0,0,19,0,26,0,0,0,48,3,13,0,0,0,0,0,0,0,21,0,0,0,0,0,0,0,0,0,0, 
206,515,96,299,68,43,25,22,119,12,0,0,0,0,22,0,0,0,0,0,0,11,0,0,17,6,0,0,23,0,0,0,0,0,0 
*****