2010 Education by occupation in District of Columbia, race/ethnicity, and gender for age 25+, wgtd 2008-12 ACS, SSDAN/U-Mich
5
AgeEduc,RaceEth,Gender,EducAll,Occup
5,7,2,7,6
25-34,35-44,45-54,55-64,65+
NhWhite,Black,Asian,Hispanic,AmIndian,NHOther,NHMulti
Male,Female
0-9Yrs,10-12Yrs,HSGrad,SomeColl,CollGrad,Masters,PhD-Prof
TopWC,OtherWC,Service,TopBC,OtherBC,Farm
0,0,0,0,0,0,0,45,0,0,0,0,193,53,46,19,0,0,757,446,498,54,30,25,9157,3989,1021,109,49,0,6054,934,175,147,25,0,4373,291,19,0,16,0, 
0,0,0,0,0,0,0,0,9,0,0,0,65,14,103,0,0,0,159,414,614,0,0,0,10109,4018,429,16,0,0,8068,1988,254,0,0,13,4915,173,0,0,0,0, 
47,0,135,40,99,0,63,371,418,237,140,0,215,1601,1919,705,890,0,768,1647,1053,451,605,10,1897,737,313,65,162,0,666,210,110,14,0,0,283,131,0,0,0,0, 
53,70,2,0,0,0,121,653,564,0,91,0,423,2471,2192,74,166,0,922,3383,1692,0,290,0,1892,1223,395,0,45,0,1766,614,176,0,17,0,819,171,0,0,0,0, 
0,0,12,0,0,0,0,0,35,0,0,0,23,43,34,0,13,0,96,62,17,0,0,0,565,218,88,14,21,0,838,83,0,0,16,0,820,11,12,0,0,0, 
0,16,20,0,0,0,15,0,0,0,0,0,0,28,0,0,0,0,16,71,0,0,0,0,1290,450,36,0,0,0,1207,180,18,0,0,0,845,16,0,0,0,0, 
119,36,876,603,152,0,21,0,296,114,138,0,22,57,544,174,59,0,96,240,354,87,28,57,891,279,94,0,37,0,636,147,0,0,0,0,322,39,0,0,0,0, 
27,58,807,0,17,0,42,28,99,0,0,0,0,144,352,20,0,0,197,283,301,0,10,0,689,229,191,0,9,0,943,103,69,0,0,0,397,0,38,0,0,0, 
0,0,0,0,0,0,0,0,0,0,0,0,0,0,0,0,0,0,0,0,10,0,0,0,14,13,0,0,0,0,30,0,28,0,0,0,0,0,0,0,0,0, 
0,0,0,0,0,0,0,0,0,0,0,0,0,0,0,0,0,0,0,66,58,0,0,0,17,99,0,0,0,0,13,0,0,0,0,0,53,0,0,0,0,0, 
0,0,0,0,0,0,0,0,0,0,0,0,0,0,0,0,0,0,0,0,76,0,0,0,53,0,0,0,0,0,41,0,0,0,0,0,43,0,0,0,0,0, 
0,0,0,0,0,0,0,0,0,0,0,0,0,0,0,0,0,0,0,0,0,0,0,0,39,0,0,0,0,0,27,0,0,0,0,0,0,0,0,0,0,0, 
0,0,0,0,0,0,0,18,0,0,0,0,0,0,65,0,0,0,35,9,74,23,0,0,135,100,43,0,15,0,123,61,0,0,0,0,182,11,0,0,0,0, 
0,0,0,0,0,0,0,0,0,0,0,0,0,22,13,0,0,0,0,36,0,0,15,0,379,76,24,0,0,0,357,66,0,0,0,0,253,19,21,0,0,0, 
0,0,35,0,0,0,0,0,0,0,28,0,162,72,90,154,0,0,754,271,201,79,22,0,3368,1329,211,72,46,11,3817,1082,216,12,0,21,3917,155,11,0,0,0, 
0,0,23,0,0,0,0,0,0,0,0,0,38,101,0,0,0,0,256,222,129,29,0,0,3002,983,106,0,10,0,3672,686,102,0,0,17,3198,181,0,0,0,0, 
107,0,212,67,63,0,17,135,639,152,222,0,552,891,1397,1198,1117,0,892,1426,731,535,564,0,1210,654,231,49,118,0,726,243,56,0,0,0,435,91,12,0,63,0, 
20,81,79,0,0,0,153,401,488,51,53,50,727,2722,1839,63,524,0,1159,3203,976,47,136,38,1312,787,63,0,42,0,1012,372,99,0,0,0,728,124,78,0,0,0, 
24,190,44,0,0,0,0,0,19,0,0,0,0,0,40,31,0,0,0,31,25,0,0,0,389,127,0,0,0,0,530,150,0,0,0,0,265,0,13,10,0,0, 
0,0,56,0,0,0,0,0,18,0,0,0,0,34,13,0,0,0,34,76,23,0,0,0,386,143,28,0,0,0,440,145,0,0,0,0,505,134,0,0,0,0, 
39,74,573,995,40,0,0,0,86,51,50,0,89,8,206,316,32,0,312,108,44,51,21,0,213,169,253,43,0,0,298,64,0,0,0,0,634,0,0,46,0,0, 
92,72,703,0,161,0,0,76,116,0,0,0,27,92,583,0,21,0,202,274,113,0,0,0,77,69,13,0,0,0,311,88,13,0,0,0,461,20,0,0,0,0, 
0,0,0,0,0,0,0,0,0,0,0,0,0,0,0,88,0,0,25,0,0,0,0,0,0,0,0,0,0,0,5,0,0,0,0,0,0,0,0,0,0,0, 
0,0,0,0,0,0,0,0,0,0,0,0,0,0,0,0,0,0,27,23,7,0,0,0,0,12,0,0,0,0,14,0,0,0,0,0,67,0,0,0,0,0, 
0,0,0,0,0,0,0,0,0,0,0,0,0,0,0,0,0,0,25,0,17,0,0,0,32,11,0,0,0,0,0,0,0,0,0,0,0,0,0,0,0,0, 
0,0,0,0,0,0,0,0,0,0,0,0,0,0,0,0,0,0,20,0,0,0,0,0,0,0,17,0,0,0,0,29,0,0,0,0,29,0,0,0,0,0, 
0,0,0,0,0,0,0,0,0,0,0,0,20,0,0,0,0,0,15,10,46,0,28,0,147,15,0,0,0,0,94,13,0,0,0,0,55,0,0,0,0,0, 
0,0,0,0,0,0,0,0,0,0,0,0,0,0,16,21,15,0,0,100,45,0,0,0,107,53,12,0,0,0,198,55,17,0,0,0,171,0,0,0,0,0, 
0,0,0,0,0,0,12,0,15,0,0,0,264,94,38,44,30,0,510,324,78,122,41,0,2490,689,118,65,31,0,2594,411,70,0,0,0,2711,172,10,0,0,0, 
0,0,0,0,0,0,0,0,12,0,0,0,51,45,14,0,0,0,186,160,30,0,0,23,2032,811,82,0,0,0,1963,415,88,0,0,0,1815,162,42,0,0,19, 
26,138,505,117,117,0,71,156,659,308,443,0,596,1509,1788,1380,1443,0,646,1303,1098,720,662,0,1042,793,260,125,102,0,448,242,28,0,14,0,321,97,0,0,0,0, 
17,15,416,0,123,0,74,408,1022,13,47,0,669,2631,2133,204,300,0,1736,3138,1127,49,392,0,1716,1208,180,12,0,0,1350,293,15,0,0,0,523,77,12,0,0,0, 
0,20,0,0,0,0,0,0,0,0,0,0,0,9,85,0,83,0,22,22,0,0,0,0,75,0,17,0,36,0,94,16,0,0,0,0,115,0,0,0,0,0, 
0,0,50,0,0,0,0,0,56,0,0,0,0,21,87,0,0,0,44,6,0,0,0,0,228,36,0,0,0,0,122,18,14,0,0,0,74,0,0,0,0,0, 
48,46,473,423,45,0,0,0,0,8,0,0,0,0,197,135,37,0,101,33,196,103,33,0,132,107,40,84,12,0,127,76,0,50,0,0,189,0,0,0,0,0, 
33,34,784,48,6,0,13,0,89,0,0,0,11,63,403,0,0,0,109,65,125,0,0,0,180,25,0,0,0,0,149,55,0,0,0,0,199,0,0,0,0,0, 
0,0,0,0,0,0,0,0,0,0,0,0,0,14,0,0,0,0,32,6,0,0,0,0,18,0,0,0,0,0,0,0,0,0,0,0,34,0,0,0,0,0, 
0,0,15,0,0,0,0,0,0,0,0,0,0,13,32,0,0,0,0,0,0,0,0,0,18,0,0,0,0,0,12,0,0,0,0,0,0,0,0,0,0,0, 
0,0,0,0,0,0,0,0,0,0,0,0,0,0,0,0,0,0,0,0,0,0,0,0,0,0,0,0,0,0,20,0,0,0,0,0,16,0,0,0,0,0, 
0,0,0,0,0,0,0,0,0,0,11,0,0,0,44,0,0,0,0,0,0,0,0,0,0,0,0,0,0,0,0,0,0,0,0,0,0,0,0,0,0,0, 
0,0,0,0,0,0,0,21,26,0,0,0,0,0,0,35,0,0,16,54,51,84,0,0,50,0,0,0,0,0,74,81,0,0,0,0,35,0,0,0,0,0, 
0,0,18,0,0,0,0,0,0,0,0,0,16,0,24,0,0,0,17,37,19,0,0,0,80,22,15,0,0,0,30,0,0,0,0,0,35,0,0,0,0,0, 
0,0,12,0,0,0,13,0,16,11,0,0,45,88,30,12,12,0,387,144,62,61,56,0,1583,379,62,22,0,0,2153,430,45,0,40,12,2912,216,63,0,0,0, 
0,0,0,0,0,0,11,16,0,18,0,0,56,131,100,0,0,0,236,479,71,0,0,0,1675,624,81,11,11,0,2174,489,68,11,0,0,2108,159,31,0,0,0, 
11,56,320,267,238,0,104,159,387,134,364,20,176,660,833,971,860,0,543,1178,709,428,465,12,645,377,196,53,52,0,675,203,0,17,0,0,477,37,0,18,44,0, 
18,80,263,0,112,0,110,452,679,14,105,0,509,2358,1654,133,97,0,940,2691,603,0,35,0,1089,674,65,0,12,0,1229,448,12,0,0,0,794,117,25,0,0,0, 
0,0,24,0,0,0,0,0,0,0,0,0,15,11,40,0,0,0,18,72,31,0,0,0,21,98,0,0,0,0,68,0,0,0,0,0,180,28,0,0,0,0, 
29,41,15,0,41,0,0,0,60,0,0,0,18,0,32,0,0,0,10,12,27,0,0,0,125,84,0,17,0,0,111,0,0,0,0,0,143,22,0,0,0,0, 
116,13,161,159,0,0,0,0,0,117,0,0,0,17,123,47,13,0,161,18,18,15,0,0,179,0,20,34,0,0,101,0,0,0,0,0,102,15,0,0,0,0, 
0,0,482,0,0,0,0,0,74,0,0,0,28,0,102,0,0,0,55,37,23,0,0,0,55,40,55,0,0,0,132,0,8,0,0,0,90,0,0,0,0,0, 
0,0,0,0,0,0,0,0,0,0,0,0,0,0,23,0,0,0,34,0,0,0,0,0,0,0,0,0,0,0,0,22,0,0,0,0,0,0,0,0,0,0, 
0,0,0,0,0,0,0,0,0,0,0,0,0,0,0,0,0,0,0,0,0,0,0,0,0,0,0,0,0,0,18,0,14,0,0,0,0,0,0,0,0,0, 
0,0,14,0,0,0,0,0,0,0,0,0,0,0,0,15,0,0,0,0,0,0,0,0,0,0,0,0,0,0,12,0,0,0,0,0,18,0,0,0,0,0, 
0,0,0,0,0,0,0,0,0,0,0,0,0,0,51,0,0,0,0,0,0,0,0,0,24,0,0,0,0,0,0,15,28,0,0,0,0,0,0,0,0,0, 
0,0,0,0,0,0,0,0,0,0,0,0,0,11,0,0,0,0,48,13,0,0,0,0,41,0,15,0,0,0,12,0,0,0,0,0,0,0,0,0,0,0, 
0,0,0,0,0,0,0,0,0,0,0,0,0,45,27,0,0,0,14,90,0,0,0,0,0,15,0,13,0,0,57,27,0,0,0,0,11,0,0,0,0,0, 
0,13,0,0,0,0,0,0,0,8,15,0,66,15,0,0,16,0,270,60,0,0,0,0,586,239,98,0,0,0,1080,186,15,23,12,0,2905,128,24,0,0,0, 
0,0,0,0,0,0,0,11,19,0,0,0,32,189,35,0,0,0,141,355,36,0,16,0,728,181,18,0,0,0,1098,317,16,19,0,0,941,134,0,15,0,0, 
43,76,159,96,68,0,27,59,187,74,253,0,80,320,462,185,316,0,220,396,360,108,126,11,326,195,92,21,96,0,278,127,39,0,12,0,231,0,0,0,0,0, 
25,92,258,0,19,0,61,219,455,0,14,0,134,1248,683,0,40,0,282,726,337,6,85,0,405,282,53,0,0,0,547,122,10,0,0,0,193,38,11,0,0,0, 
0,0,0,0,0,0,0,14,0,0,0,0,17,0,0,0,0,0,0,0,16,0,0,0,13,0,25,12,0,0,51,0,0,0,0,0,10,24,0,0,0,0, 
0,0,43,0,0,0,0,0,0,0,0,0,0,0,70,0,0,0,14,0,0,0,0,0,53,0,0,0,0,0,0,24,0,0,0,0,81,13,0,0,0,0, 
13,8,219,28,30,0,0,0,36,0,0,0,0,27,11,0,0,0,62,0,14,0,0,0,59,18,13,0,0,0,10,0,0,0,0,0,68,0,0,0,0,0, 
22,0,152,0,0,0,0,0,24,0,0,0,0,0,23,0,0,0,56,72,86,0,0,0,18,13,0,0,0,0,61,0,0,0,0,0,60,0,0,0,0,0, 
0,0,13,0,0,0,0,0,0,0,0,0,0,0,0,0,0,0,0,0,0,0,0,0,0,0,0,0,0,0,0,0,0,0,0,0,0,0,0,0,0,0, 
0,0,0,0,0,0,0,0,0,0,0,0,0,0,0,0,0,0,0,69,0,0,0,0,0,0,0,0,0,0,0,0,0,0,0,0,5,0,0,0,0,0, 
0,0,0,0,0,0,0,0,0,0,0,0,0,0,0,0,0,0,0,10,0,0,0,0,0,0,0,0,0,0,0,0,0,0,0,0,30,0,0,0,0,0, 
0,0,0,0,0,0,0,0,0,0,0,0,0,0,0,0,0,0,0,0,0,0,0,0,0,0,0,0,0,0,32,0,0,0,0,0,0,0,0,0,0,0, 
0,0,0,0,0,0,0,0,0,0,0,0,0,14,0,0,0,0,0,0,0,0,0,0,0,0,0,0,0,0,14,0,0,0,0,0,37,0,0,0,0,0, 
0,0,0,0,0,0,0,0,16,0,0,0,0,9,0,0,0,0,27,0,0,0,0,0,12,28,0,0,0,0,0,0,0,0,0,0,26,0,0,0,0,0 
*****