2010 Education by Immigration status in Pennsylvania, race/ethnicity, gender, age 25+, wgtd 2008-12 ACS, SSDAN/U-Mich
5
RaceEth,Gender,AgeEduc,Immentry,EducAll
7,2,5,5,7
NhWhite, Black, Asian, Hispanic, AmIndian, NHOther,NHMulti
Male, Female
25-34,35-44,45-54,55-64,65+
Native,FB<1980,FB80-89,FB90-99,FB00-Current
0-9Yrs,10-12Yrs,HSGrad,SomeColl,CollGrad,Masters,PhD-Prof
22261,166156,55687,266535,32560,10103,4140,0,126,0,42,24,0,0,148,291,158,954,107,60,0,91,1322,140,1559,159,120,64,78,2088,498,4493,1531,604,635, 
23997,215270,57677,250740,43979,14223,6847,172,437,48,793,384,86,105,208,896,51,957,224,95,132,406,1645,393,3163,1090,375,794,205,1999,212,2333,954,345,694, 
32775,320450,75473,267424,49160,18096,9763,310,2243,601,1975,382,147,147,353,1000,205,1305,464,196,323,239,2183,292,1936,878,323,566,133,1064,127,1644,332,110,273, 
31825,247283,63336,236564,59187,21016,11696,1298,2304,975,3397,1192,303,602,233,490,74,960,437,95,403,102,815,201,1084,280,128,271,59,405,98,714,245,134,146, 
100545,302016,68669,173616,47002,18809,14466,4576,4962,1510,3908,1490,1063,1357,90,256,74,371,176,122,188,711,640,106,811,297,130,152,226,335,35,336,179,36,52, 
19099,116847,44574,293378,60459,10073,5081,0,20,0,69,28,0,20,0,267,69,532,90,26,28,31,1163,119,2208,412,198,141,150,2128,408,4084,1802,439,408, 
15521,177656,55055,288900,62409,10623,5094,81,537,192,1141,197,70,57,124,332,130,1110,281,65,134,181,1680,543,3946,1340,248,423,178,2198,446,2151,825,234,463, 
25627,295606,80948,309864,61291,11667,5865,198,1916,393,2166,323,16,53,89,1144,311,1784,297,80,158,311,1723,522,2516,1047,222,318,164,1123,146,1341,594,111,159, 
26528,295217,68678,224231,68396,8473,7182,1089,4344,938,3313,1118,120,234,230,439,84,1150,499,162,181,87,784,263,1203,241,96,42,410,927,80,694,313,17,112, 
137013,548258,72174,179099,41394,4542,5488,8940,12706,1728,5728,1502,335,278,560,328,0,408,168,60,19,1210,834,59,1088,171,76,29,434,587,108,690,15,94,22, 
5702,31285,14010,24705,1400,259,303,0,0,0,0,0,0,0,37,360,83,511,0,0,0,127,763,316,1176,87,0,118,523,1260,482,1737,188,0,35, 
4961,32101,14415,24421,2129,488,331,0,63,151,319,53,9,0,79,352,284,560,209,0,0,165,857,170,1044,406,121,21,288,1233,749,1956,470,98,116, 
6366,34945,10937,25041,2468,212,473,63,627,82,470,186,0,0,263,852,205,1004,331,16,77,228,794,344,620,223,144,62,41,614,211,610,162,38,0, 
6275,24152,7682,16830,1797,520,598,146,537,99,598,83,79,103,223,523,75,231,180,53,22,141,197,19,184,94,34,11,53,136,85,319,0,0,0, 
11150,21575,4491,8682,1453,349,433,259,232,110,235,62,50,118,192,191,58,27,0,0,43,81,181,35,70,17,0,27,55,129,0,101,31,46,12, 
4131,28722,10911,35867,4507,705,215,0,42,0,0,0,31,0,0,220,65,655,60,24,0,380,1013,74,1532,158,32,0,682,1409,135,1945,173,0,54, 
4381,30351,10359,34453,3871,523,451,0,335,64,317,41,15,17,74,439,271,1513,171,0,0,88,994,223,1812,280,23,90,298,1084,307,1479,197,147,31, 
5582,35774,10031,33789,5921,423,224,16,456,200,795,48,50,66,111,885,291,1326,271,136,13,154,1151,209,694,74,20,0,261,524,181,789,0,37,10, 
5066,28904,8395,24108,3811,389,592,77,568,148,388,42,0,26,363,586,157,336,19,18,0,395,195,146,137,21,33,0,185,368,57,286,0,45,0, 
15504,37000,7850,14716,3259,100,420,588,539,29,283,0,0,0,338,252,11,68,0,18,0,205,360,0,63,0,0,0,371,620,64,102,24,69,0, 
55,776,408,3868,605,620,259,0,0,0,53,0,45,41,167,823,144,1822,141,353,52,441,1126,324,2807,1075,125,232,908,1331,245,5749,5426,1206,1628, 
35,284,153,1289,487,790,33,67,190,7,1251,329,275,85,589,1093,129,1922,534,267,65,1157,1508,319,3301,2630,483,956,608,808,192,2653,1869,611,1173, 
232,480,87,777,243,53,20,180,605,105,1028,330,227,114,1137,1950,213,1745,773,255,897,647,1307,159,1247,767,516,819,653,714,45,1556,418,251,269, 
101,222,25,279,93,75,105,387,819,272,763,560,463,723,1038,1351,200,1275,328,209,234,468,697,57,595,282,322,61,692,556,205,981,285,92,95, 
218,161,0,289,51,43,0,570,482,38,1191,878,850,770,751,577,129,586,275,39,73,717,816,35,797,150,33,0,211,325,0,479,41,39,50, 
111,640,255,3460,1297,776,271,0,112,0,293,37,42,31,201,472,111,2274,658,392,88,520,1027,62,3007,464,241,181,1418,1538,388,8108,4811,817,1157, 
106,194,83,1258,657,338,285,50,129,69,1125,290,214,69,464,1146,474,1736,303,155,179,1473,2315,472,3890,2225,394,613,1145,1593,252,4776,1765,523,627, 
42,253,172,732,144,175,0,245,678,207,932,246,174,124,1357,1730,531,2366,1020,415,220,1220,1999,129,2638,850,313,272,811,1141,226,1913,350,73,78, 
103,348,127,399,68,154,29,1067,1425,383,2132,789,207,91,1205,1387,157,872,311,81,75,942,717,66,620,292,6,12,1021,879,169,929,39,62,0, 
127,183,0,227,53,0,28,1532,1523,126,1421,760,172,94,1335,770,65,483,171,22,0,1579,857,73,442,40,31,0,666,406,8,384,155,0,14, 
5413,12982,5876,10276,669,343,315,61,27,19,0,0,11,0,40,702,127,513,19,17,0,2457,2739,310,1200,47,0,0,5191,4383,264,1848,723,130,78, 
5833,10283,4585,8066,952,216,193,289,392,68,499,28,0,83,1991,802,427,761,23,0,0,2131,2560,599,1080,57,114,109,1727,1542,156,1296,180,192,79, 
4581,7928,3096,5135,812,251,83,583,615,234,504,38,49,71,1150,1008,63,954,72,57,73,1339,926,47,410,0,192,69,1113,760,227,415,61,81,14, 
4491,3983,1840,2810,412,225,303,637,604,373,364,92,22,76,699,418,12,164,84,78,28,464,324,86,138,25,0,0,168,423,81,113,0,0,34, 
4576,2231,482,1187,150,64,149,560,550,103,419,77,184,147,322,150,32,59,0,50,10,115,120,35,49,0,0,0,417,228,0,0,0,0,0, 
4671,11970,3886,12838,1208,313,147,0,37,0,113,0,0,0,29,419,128,587,54,49,33,1664,1587,575,1377,48,0,15,2984,3116,247,2457,341,158,62, 
4468,9639,4088,10626,1026,197,147,118,200,57,341,73,14,42,718,691,418,818,186,0,27,1859,2381,517,1440,145,36,22,2227,1769,137,2107,409,85,112, 
3913,7538,3298,6188,949,423,194,307,479,16,922,94,93,75,891,637,302,1081,97,31,73,789,867,40,996,235,60,0,990,1059,108,538,43,137,0, 
4384,4345,1403,2791,405,83,97,315,604,252,706,111,68,21,422,249,94,286,55,0,32,529,214,0,198,0,78,0,584,264,155,242,37,22,15, 
5268,3157,1043,1310,237,82,25,842,961,266,691,91,49,46,408,159,76,90,0,0,19,262,149,109,32,0,0,0,741,110,0,16,30,0,12, 
236,310,144,184,11,15,0,0,0,0,0,0,0,0,0,32,0,120,0,0,0,13,0,0,10,0,0,0,63,60,21,48,0,0,0, 
64,599,130,323,58,11,0,0,0,0,0,0,0,0,0,0,0,0,0,0,0,0,12,0,23,0,0,0,55,0,0,0,0,0,0, 
129,433,182,540,33,0,0,50,0,0,0,0,0,0,45,36,0,15,0,0,32,0,34,19,56,0,0,0,46,0,18,0,0,0,0, 
74,248,218,410,11,38,10,36,0,0,0,0,0,0,0,0,10,29,0,0,0,0,8,0,0,0,0,0,0,40,0,0,0,0,0, 
149,122,64,207,8,0,0,0,12,0,25,0,0,0,0,0,0,0,0,0,0,20,0,0,0,0,0,0,0,0,0,0,0,0,0, 
30,160,185,534,28,0,0,0,0,0,0,0,0,0,0,13,0,49,0,0,0,0,0,0,0,0,22,0,63,0,0,0,0,0,0, 
55,354,91,443,184,0,11,16,10,0,24,0,0,0,0,25,0,5,0,0,0,22,0,0,0,0,0,0,0,13,0,10,29,0,0, 
141,422,363,487,40,0,0,0,0,0,0,0,0,0,0,3,5,36,10,0,0,15,0,0,0,0,0,0,0,58,20,17,0,0,0, 
245,360,199,319,101,16,0,33,0,0,26,0,0,0,0,0,0,0,0,0,0,0,18,8,0,0,0,0,0,0,0,0,0,0,0, 
135,306,40,167,19,0,0,12,0,0,0,0,0,0,0,0,0,0,0,0,0,0,0,0,0,0,0,0,0,0,0,0,0,0,0, 
0,19,114,361,62,0,0,0,0,0,0,55,0,0,0,0,0,75,0,0,0,19,12,0,29,0,0,0,0,417,0,239,0,0,42, 
0,59,25,418,11,39,0,0,0,123,22,0,0,0,0,0,0,0,0,16,0,17,192,0,0,77,0,0,0,103,0,160,0,0,0, 
0,62,41,363,33,0,17,0,17,0,123,0,0,0,27,0,0,113,70,0,19,0,0,0,26,56,0,0,0,0,0,0,101,0,0, 
0,108,51,169,123,46,0,0,0,0,0,0,0,0,0,0,0,0,0,10,0,0,0,0,0,0,0,0,0,0,0,0,0,0,0, 
0,7,17,62,29,0,0,0,85,22,0,14,0,29,0,0,0,0,0,0,0,0,0,0,0,0,0,0,0,0,0,0,0,0,0, 
248,0,65,540,39,66,30,0,0,0,0,0,0,0,7,0,0,35,0,0,0,49,0,0,62,24,0,0,7,0,0,176,38,0,0, 
0,127,47,200,66,26,0,0,0,0,58,0,0,0,11,0,0,123,0,0,0,138,0,0,48,0,9,0,0,93,0,78,20,77,0, 
31,84,19,604,81,0,11,0,0,0,14,0,0,0,0,30,0,22,30,0,0,4,0,0,29,0,0,0,0,0,0,5,0,24,0, 
11,30,56,97,0,41,30,0,0,0,19,0,0,0,0,0,0,32,0,0,0,15,0,0,19,0,0,0,51,0,0,0,0,0,0, 
13,61,20,59,27,0,20,0,0,0,24,0,0,0,16,0,0,0,0,0,0,0,104,0,0,0,0,0,0,0,0,0,0,0,0, 
366,2568,1430,3622,135,46,65,0,0,39,14,0,0,0,50,0,55,22,45,16,0,19,137,128,103,0,0,0,116,168,68,315,286,0,0, 
238,1656,899,2845,528,181,47,0,84,0,97,0,0,0,0,0,0,87,18,0,0,83,133,0,97,111,15,25,8,136,37,102,43,2,0, 
495,1417,713,1742,225,126,25,0,45,97,49,47,0,0,50,0,0,61,47,26,59,0,100,30,151,13,0,0,68,41,33,46,14,20,0, 
323,1181,521,1428,159,37,136,0,75,12,194,0,0,27,0,29,0,89,0,72,0,0,36,0,62,33,0,0,59,0,0,144,0,0,43, 
313,935,229,689,133,83,99,74,83,0,82,23,59,11,116,0,0,0,18,0,0,54,0,0,18,0,0,0,48,0,0,0,34,0,0, 
407,1793,1050,4550,636,118,90,0,0,0,0,24,0,0,0,0,0,61,0,0,0,0,0,72,205,44,0,27,103,86,27,237,49,33,0, 
251,1464,1192,3058,424,194,15,0,33,16,0,29,0,0,20,70,15,178,64,43,0,11,37,0,204,19,0,58,90,46,0,140,14,0,22, 
300,1885,740,2624,294,64,36,0,20,71,61,0,0,0,39,44,22,258,30,0,0,9,62,0,103,11,0,0,54,23,16,98,0,0,13, 
339,889,751,1670,218,86,41,35,49,19,106,85,0,0,19,0,0,259,0,14,0,0,0,42,22,14,0,0,39,0,0,14,0,0,0, 
508,1769,482,988,66,0,87,147,154,15,31,0,32,22,52,30,5,0,0,0,0,153,39,0,42,0,0,0,109,41,0,0,0,0,0 
*****