2010 Education by Immigration status in Maine, race/ethnicity, gender, age 25+, wgtd 2008-12 ACS, SSDAN/U-Mich
5
RaceEth,Gender,AgeEduc,Immentry,EducAll
7,2,5,5,7
NhWhite, Black, Asian, Hispanic, AmIndian, NHOther,NHMulti
Male, Female
25-34,35-44,45-54,55-64,65+
Native,FB<1980,FB80-89,FB90-99,FB00-Current
0-9Yrs,10-12Yrs,HSGrad,SomeColl,CollGrad,Masters,PhD-Prof
2610,20232,9661,30854,2101,548,273,0,14,19,0,0,0,0,0,13,0,70,0,0,0,0,74,0,154,27,41,0,0,65,58,276,0,0,0, 
2629,27120,9702,32815,4038,986,883,23,119,82,111,16,75,0,0,27,0,92,0,0,25,30,216,0,173,34,15,0,0,70,28,88,0,112,22, 
5972,37883,12321,36772,4906,1745,595,5,247,100,373,79,0,14,0,58,160,48,14,18,27,18,136,18,181,0,20,41,0,7,0,75,0,0,9, 
5052,26847,8781,37595,6847,2742,1336,93,381,193,805,233,45,30,7,60,14,118,40,0,32,8,17,0,177,0,25,0,0,17,0,32,0,0,6, 
15009,29312,9532,23861,7543,2047,1973,792,470,172,444,121,136,113,0,34,19,45,10,49,0,0,56,0,0,0,9,7,0,27,0,18,0,0,0, 
1655,16128,8461,35192,4817,912,345,0,0,0,6,0,0,0,0,46,0,108,0,0,0,0,0,19,76,0,0,7,0,9,0,392,74,114,33, 
1867,21470,8603,40265,6290,1154,741,0,62,0,98,19,0,0,45,22,0,106,0,56,0,130,232,23,606,52,26,0,30,11,23,282,47,76,49, 
3276,30745,11857,48620,7149,1064,688,65,383,133,470,44,0,0,34,223,76,167,27,11,34,38,152,30,401,151,0,60,0,94,17,162,0,6,0, 
3379,27621,10863,38766,9785,1286,837,139,725,212,766,326,36,7,10,28,0,59,45,115,0,11,4,52,101,0,20,30,0,110,11,40,0,0,0, 
13427,47832,10857,30130,7003,745,1148,1224,2282,595,1468,227,53,0,26,37,0,105,13,0,0,20,12,3,0,25,0,0,0,24,6,4,0,0,0, 
42,157,0,197,0,0,18,0,0,0,0,0,0,0,0,0,0,14,0,0,0,0,0,0,73,0,0,0,0,92,35,57,98,0,0, 
183,281,135,241,19,0,0,0,0,0,12,0,0,0,0,30,0,52,0,0,0,53,47,0,0,0,0,0,0,1,0,285,25,0,0, 
87,274,36,174,3,0,0,0,0,0,0,0,0,0,0,40,0,0,6,0,0,0,42,0,0,0,15,59,15,61,0,153,0,0,0, 
0,21,27,181,9,0,0,0,0,0,0,0,0,0,0,0,0,0,0,0,0,0,0,0,17,0,0,0,62,27,0,0,0,0,21, 
15,74,46,141,0,0,0,0,0,0,0,0,0,0,0,0,0,0,0,0,0,0,0,0,39,0,0,0,14,0,0,0,20,0,0, 
0,227,27,153,0,0,0,0,0,0,0,0,0,0,0,0,0,0,0,0,0,18,309,0,38,0,0,0,185,52,84,133,0,0,0, 
17,6,35,108,0,0,0,0,0,0,0,0,0,0,0,0,0,0,0,0,0,0,11,34,17,0,0,0,106,63,39,100,0,0,0, 
9,13,33,100,65,0,0,0,0,0,19,0,0,0,0,0,0,0,0,0,0,0,20,0,25,0,0,5,77,52,27,20,0,0,0, 
0,0,8,29,0,0,0,0,0,0,0,0,0,0,0,153,30,0,0,0,0,21,0,0,0,0,0,0,26,0,0,19,0,0,0, 
0,22,7,22,0,0,4,0,0,0,0,0,0,0,0,20,0,0,0,0,0,15,0,0,0,0,0,0,35,18,0,0,0,0,0, 
0,0,0,93,9,0,0,0,0,0,0,0,0,0,0,14,48,49,11,5,0,0,0,0,5,0,0,0,0,319,43,40,133,0,0, 
0,44,0,21,23,0,71,0,0,0,121,87,0,0,13,107,0,27,0,0,0,66,79,0,0,63,18,43,63,24,0,97,31,32,0, 
0,0,0,89,0,38,0,0,45,80,8,0,0,0,0,109,96,208,0,0,0,0,0,0,33,0,0,110,15,50,0,0,0,0,0, 
0,0,0,47,37,0,0,47,27,0,28,0,0,0,0,23,0,0,0,0,0,29,0,0,0,0,0,0,56,0,0,0,0,0,0, 
0,0,0,12,0,0,0,13,0,0,58,30,30,7,0,21,0,0,0,0,0,26,0,0,0,0,0,0,43,17,0,63,0,0,0, 
0,0,40,69,0,0,0,0,0,0,73,0,0,0,0,0,46,112,31,0,0,0,0,0,65,42,0,0,151,188,0,248,144,0,0, 
0,50,35,42,0,28,0,0,10,0,193,65,0,0,0,81,0,145,0,0,0,122,17,29,71,67,0,41,35,83,17,257,0,8,0, 
0,0,0,81,4,0,0,0,122,0,83,33,0,18,6,93,0,188,52,0,0,0,75,0,189,56,18,0,14,140,0,56,0,0,0, 
0,15,7,38,0,0,0,147,81,58,6,20,0,19,23,73,0,37,0,0,0,56,0,0,56,0,0,0,117,0,0,0,0,0,0, 
0,0,0,67,0,0,0,63,140,32,22,0,0,0,231,0,0,0,0,0,0,61,71,0,7,0,0,0,80,0,0,0,0,0,0, 
160,367,243,229,3,26,0,0,0,0,0,0,0,0,0,21,0,9,0,0,0,0,0,0,0,12,0,0,34,20,0,20,0,0,0, 
130,230,145,264,154,0,0,0,0,0,0,0,0,0,0,0,0,49,0,0,0,67,36,0,7,0,0,0,0,6,0,0,0,0,0, 
0,158,68,182,24,0,0,0,0,0,55,0,0,0,4,0,0,0,0,0,0,0,0,84,0,0,63,0,0,0,0,0,0,0,0, 
0,52,244,75,61,0,0,5,0,0,13,15,12,0,0,0,0,0,0,0,0,0,0,0,0,0,0,0,0,0,0,0,0,0,0, 
37,172,70,51,62,12,0,40,24,0,53,0,0,0,0,0,0,0,0,0,0,0,0,0,0,0,0,0,0,4,0,0,0,0,0, 
0,205,234,657,57,0,0,0,0,0,0,0,0,0,0,0,0,21,0,0,0,0,12,0,0,0,0,0,0,0,0,125,0,0,0, 
100,85,120,264,108,0,0,0,23,0,0,0,0,0,10,0,14,12,0,0,0,56,0,19,5,67,14,0,58,0,0,48,0,0,0, 
111,109,56,513,5,0,0,0,0,96,104,69,0,0,0,0,23,71,0,0,0,0,11,0,0,0,0,0,9,0,0,114,0,0,0, 
0,50,134,185,82,5,0,13,0,0,12,10,0,0,0,0,6,0,0,0,0,0,0,0,0,0,0,0,0,0,0,30,0,0,0, 
108,72,43,68,0,0,0,1,1,0,77,0,0,0,0,0,0,0,0,0,0,0,0,0,0,0,0,0,0,0,0,0,0,0,0, 
27,65,43,221,0,0,0,0,0,0,0,0,0,0,0,70,0,0,0,0,0,0,0,0,0,0,0,0,0,0,0,0,0,0,0, 
9,107,68,208,0,0,0,0,0,0,0,0,0,0,0,0,0,0,0,0,0,0,0,0,0,0,0,0,0,0,0,0,0,0,0, 
26,202,327,230,0,2,0,0,0,0,0,0,0,0,0,0,0,5,0,0,0,0,0,0,0,0,0,0,0,0,0,0,0,0,0, 
113,70,27,122,0,0,0,0,0,0,0,0,0,0,0,0,0,0,0,0,0,0,0,0,0,0,0,0,0,0,0,0,0,0,0, 
10,136,80,8,0,0,8,3,0,0,0,0,0,0,0,0,0,0,0,0,0,0,0,0,0,0,0,0,0,0,0,0,0,0,0, 
4,184,35,386,0,0,0,0,0,0,0,0,0,0,0,0,0,0,0,0,0,0,0,0,0,0,0,0,0,0,0,0,0,0,0, 
22,83,147,291,0,0,0,0,0,0,0,0,0,0,0,0,0,0,0,0,0,0,0,0,0,0,0,0,0,0,0,0,0,0,0, 
60,130,296,223,0,0,15,0,14,0,0,0,0,0,0,0,0,0,0,0,0,0,0,0,0,0,0,0,0,17,0,0,0,0,0, 
21,65,38,97,22,16,0,0,0,0,67,0,0,0,54,0,0,0,0,0,0,0,0,0,0,0,0,0,0,0,0,0,0,0,0, 
152,57,46,96,0,0,0,0,10,0,4,0,0,0,0,0,0,0,0,0,0,0,0,0,0,0,0,0,0,0,0,0,0,0,0, 
0,1,0,23,0,0,0,0,0,0,0,0,0,0,0,0,0,0,0,0,0,0,0,0,0,0,0,0,0,0,0,0,0,0,0, 
0,0,0,6,0,0,0,0,0,0,0,0,0,0,0,0,0,0,0,0,0,0,0,0,0,0,0,0,0,0,0,0,0,0,0, 
0,0,0,39,0,0,0,0,0,0,0,0,0,0,0,0,0,0,0,0,0,0,21,0,0,0,0,0,0,0,0,0,0,0,0, 
0,21,8,0,0,0,0,0,0,0,0,0,0,0,0,0,0,0,0,0,0,0,0,0,0,0,0,0,0,0,0,0,0,0,0, 
9,0,0,16,23,0,0,0,0,0,0,0,0,0,0,0,0,0,0,0,0,0,0,0,0,0,0,0,0,0,0,0,0,0,0, 
0,0,0,21,0,0,0,0,0,0,0,0,0,0,0,0,0,0,0,0,0,0,0,0,0,0,0,0,0,0,0,0,0,0,0, 
0,0,0,0,0,0,0,0,0,0,0,0,0,0,0,0,0,0,0,0,0,0,0,0,0,0,0,0,0,0,0,0,0,0,0, 
0,0,0,6,0,0,0,0,0,0,0,0,0,0,0,35,28,0,0,0,0,0,0,0,0,0,0,0,0,0,0,0,0,0,0, 
0,0,0,16,0,0,0,0,0,0,0,0,0,0,0,0,0,0,0,0,0,0,0,0,0,0,0,0,0,0,0,0,0,0,0, 
0,9,0,0,0,0,0,0,0,0,0,0,0,0,0,0,0,0,0,0,0,0,0,0,0,0,0,0,0,0,0,0,0,0,0, 
108,373,206,235,0,45,16,0,0,0,0,0,0,0,0,9,0,0,0,0,0,0,0,0,0,0,0,0,0,0,10,35,0,0,0, 
50,295,247,491,24,0,0,0,0,0,0,0,0,0,0,0,98,0,0,0,0,0,0,0,0,0,0,0,0,32,0,0,0,0,0, 
117,264,157,306,20,0,0,0,0,0,0,0,0,0,0,0,0,0,0,0,0,0,22,0,0,0,0,0,0,0,0,0,0,0,0, 
92,173,66,298,64,0,0,0,0,0,0,0,0,73,0,0,0,0,0,0,0,0,0,0,0,0,0,0,0,0,0,0,0,0,0, 
117,172,23,131,39,0,0,0,7,0,0,0,0,0,0,22,0,0,0,0,0,60,0,0,0,0,0,0,0,0,0,0,0,0,0, 
0,406,225,312,11,0,0,0,0,0,0,0,0,0,0,0,0,0,0,0,0,0,0,0,0,0,0,0,0,24,0,12,0,0,0, 
158,363,137,427,0,15,9,0,0,0,0,0,0,0,0,0,14,0,0,0,0,12,35,0,0,0,0,0,0,28,0,14,0,0,0, 
120,255,167,234,44,0,0,0,0,0,0,0,0,0,0,0,0,85,0,0,0,0,0,0,35,0,0,0,0,0,0,0,0,0,0, 
34,190,153,305,51,0,0,0,17,0,0,31,0,0,0,0,0,0,0,0,0,0,0,0,0,0,0,0,0,0,0,20,0,0,0, 
43,214,73,102,67,0,0,35,0,0,0,0,0,0,0,0,0,0,0,0,0,0,0,0,0,0,0,0,0,0,0,0,0,0,0 
*****