2010 Education by Immigration status in Oklahoma, race/ethnicity, gender, age 25+, wgtd 2008-12 ACS, SSDAN/U-Mich
5
RaceEth,Gender,AgeEduc,Immentry,EducAll
7,2,5,5,7
NhWhite, Black, Asian, Hispanic, AmIndian, NHOther,NHMulti
Male, Female
25-34,35-44,45-54,55-64,65+
Native,FB<1980,FB80-89,FB90-99,FB00-Current
0-9Yrs,10-12Yrs,HSGrad,SomeColl,CollGrad,Masters,PhD-Prof
9627,48713,23612,72705,5388,2231,560,0,0,0,0,0,0,0,0,0,0,25,42,0,0,131,146,0,215,48,13,0,136,274,129,764,74,72,24, 
8175,49657,19954,66041,7777,3001,1438,5,24,0,113,33,0,0,0,136,0,188,82,0,0,23,30,33,191,139,4,88,101,262,43,399,155,25,166, 
10752,66150,24518,73021,9037,3888,2082,30,101,68,538,118,64,18,14,79,103,165,49,29,71,16,201,0,176,20,31,57,0,172,0,72,18,15,16, 
9047,46537,19117,75383,11594,4634,3031,63,358,47,700,196,73,61,7,39,36,107,19,17,0,3,0,0,136,17,44,31,0,40,42,60,16,26,15, 
23710,60507,21442,62081,11962,4927,3971,37,181,160,651,137,112,143,5,44,17,0,19,22,22,0,51,0,21,0,18,16,14,0,0,31,0,0,0, 
7386,36398,20326,84485,7504,2030,1125,6,19,0,0,0,0,0,0,0,0,81,0,0,0,63,77,0,223,90,0,0,222,202,127,903,113,0,14, 
6166,40982,18635,76121,10080,1646,944,0,37,13,159,0,24,0,0,109,29,135,0,0,0,34,140,109,645,96,0,6,94,162,39,730,66,17,66, 
9663,56604,26827,85251,12427,1617,1118,0,324,104,422,11,20,0,43,186,57,479,92,21,0,21,198,27,297,53,0,35,0,99,0,76,0,23,17, 
9218,59204,24387,68676,14387,1764,1321,102,329,120,495,42,43,23,24,101,0,103,10,0,43,24,36,0,100,57,16,0,62,55,0,47,0,0,0, 
32059,104463,29166,60496,11698,1313,931,578,1555,397,1286,111,21,43,29,83,5,89,0,0,0,83,0,0,21,0,18,0,80,0,46,0,0,0,0, 
1631,6941,3170,6961,293,66,100,0,0,0,0,0,0,0,0,0,0,205,0,33,0,17,0,0,47,7,0,0,61,163,0,817,54,18,0, 
827,6238,2552,6884,387,0,0,0,0,17,0,15,0,0,0,103,0,60,0,0,0,0,0,0,111,0,0,0,0,106,20,335,109,0,12, 
797,8053,1493,6653,429,61,16,0,26,15,35,73,0,0,12,15,0,218,31,0,0,0,0,0,166,0,0,34,19,21,0,78,8,85,0, 
728,4230,1323,4441,584,13,84,0,71,0,121,21,0,0,0,44,29,52,55,0,18,0,25,0,27,10,18,0,31,0,0,0,0,0,0, 
1653,3324,689,2468,406,48,160,0,0,0,27,0,0,20,12,4,0,0,0,0,0,0,0,0,25,0,0,0,0,0,0,0,47,0,0, 
1270,4817,2372,9267,554,78,0,0,0,0,0,0,0,0,0,0,0,52,0,0,0,0,0,0,149,0,0,37,259,23,20,710,87,0,17, 
539,4776,1482,8787,957,92,57,0,0,0,84,0,0,0,0,12,0,41,0,0,0,0,17,11,287,65,0,0,0,76,46,327,21,0,0, 
838,5789,2244,7410,1041,100,158,0,21,0,0,0,0,0,0,15,0,114,0,0,0,0,44,0,113,21,0,0,0,0,0,45,29,0,0, 
743,4873,1761,5688,957,121,50,11,0,0,90,0,0,0,0,0,0,54,72,0,0,0,0,0,0,27,0,0,32,57,0,11,0,0,0, 
1905,6357,959,2807,800,67,43,0,21,0,0,0,0,60,0,4,10,0,0,0,0,0,0,0,0,0,0,0,68,0,0,0,0,0,0, 
48,249,204,1099,60,25,6,0,85,0,0,30,0,11,0,29,0,350,110,17,0,78,322,22,303,87,76,0,367,270,51,918,1120,98,217, 
13,70,23,375,0,19,17,0,30,0,543,57,87,0,11,273,22,818,43,0,25,207,321,55,808,124,31,180,140,147,12,415,426,27,236, 
0,89,89,270,0,0,0,105,199,41,301,65,0,16,130,222,107,472,57,58,55,101,156,25,151,54,30,41,28,260,33,88,66,23,88, 
0,52,0,41,77,0,0,42,193,8,122,371,117,98,63,96,79,280,1,100,46,61,220,70,112,221,0,0,48,240,0,55,0,0,0, 
0,147,25,35,0,21,0,79,52,46,217,35,47,77,102,69,4,109,56,0,0,137,197,31,156,10,0,0,23,90,0,0,0,0,0, 
14,138,52,688,156,18,17,0,22,0,155,0,0,0,0,138,0,473,19,39,0,69,231,19,754,59,36,0,145,518,126,1668,508,111,83, 
43,165,173,168,0,0,0,49,145,0,390,149,0,25,141,236,29,729,156,0,0,252,581,123,759,199,106,46,251,410,35,764,350,22,18, 
19,63,71,93,0,0,0,193,321,24,386,31,0,17,191,696,69,396,59,39,44,124,456,0,359,128,62,44,88,268,0,205,35,95,30, 
0,81,13,181,0,0,0,357,530,232,432,117,15,0,179,265,44,250,16,23,16,169,193,81,298,17,29,0,118,113,0,84,6,0,0, 
12,48,22,97,0,0,0,481,487,100,267,21,13,18,244,120,27,54,4,0,0,446,128,12,65,0,0,10,66,26,0,18,0,0,0, 
1788,3782,1945,3319,121,155,15,20,54,34,0,0,0,0,319,505,198,202,0,0,0,3983,2880,347,496,0,0,0,5769,3824,433,1481,206,0,0, 
1168,2443,1314,2971,484,50,15,123,82,136,375,0,0,0,2137,1134,271,264,85,0,0,3184,1623,226,748,22,15,0,2913,1013,29,841,12,14,19, 
1039,1936,374,2047,156,130,46,1317,455,258,287,0,0,0,1712,659,176,270,41,0,0,1215,668,37,290,67,36,0,1247,230,158,230,49,20,38, 
562,667,663,752,36,58,11,948,131,134,260,94,0,0,434,188,40,62,0,2,0,639,144,0,93,0,0,0,755,25,43,0,0,0,0, 
918,625,485,648,137,48,136,675,70,76,128,0,0,0,347,42,18,0,0,0,0,228,0,0,17,0,0,0,102,0,0,30,0,0,0, 
1111,3295,1618,5606,148,25,9,34,0,0,38,0,0,0,275,556,170,191,0,0,0,2373,1169,218,236,46,0,0,3284,2338,372,1344,114,9,0, 
786,3161,760,3154,191,36,0,277,274,52,173,12,0,0,1292,492,107,410,0,0,0,2571,1244,543,542,74,0,0,1905,931,86,719,39,0,36, 
777,1462,589,2182,244,103,28,528,137,19,332,10,0,0,954,227,213,300,0,20,12,1474,367,65,319,40,12,0,1168,337,0,102,0,0,0, 
663,940,662,1430,145,32,0,468,72,22,246,83,0,0,398,97,0,80,0,0,0,373,172,0,0,0,0,0,531,136,0,49,54,0,0, 
889,877,332,463,0,15,0,525,247,0,170,12,0,0,497,25,0,24,7,0,0,414,43,0,20,0,0,0,497,0,0,0,0,0,0, 
1555,6355,2771,6500,314,83,0,0,0,0,0,0,0,0,0,0,0,0,0,0,0,0,0,0,0,0,0,0,43,28,0,0,0,0,0, 
951,6344,1965,5528,270,44,38,0,0,0,3,0,0,0,170,7,0,0,0,0,0,0,0,0,0,0,0,0,14,0,0,0,0,0,12, 
1429,6104,2453,4707,514,184,50,19,0,0,0,0,0,0,0,26,0,0,0,0,0,19,0,0,0,0,0,0,18,0,0,0,0,0,0, 
1043,3457,1147,4977,543,162,64,0,0,0,0,0,0,0,41,0,0,0,0,0,0,0,0,0,0,0,0,0,0,0,0,0,0,0,0, 
2088,2712,1064,2373,433,91,147,0,0,0,0,0,0,0,0,0,0,0,0,0,0,0,0,0,0,0,0,0,0,0,0,0,0,0,0, 
1258,5224,2392,9141,523,82,67,0,0,0,0,0,0,0,0,0,0,0,0,0,0,0,0,0,0,0,0,0,0,0,0,17,0,0,56, 
1073,5009,2395,8391,728,111,38,0,0,0,54,0,0,0,13,7,0,17,0,0,0,15,0,0,16,0,0,0,0,0,0,0,0,0,0, 
1370,5509,3092,6849,892,157,95,0,0,0,0,0,0,0,11,0,0,0,0,0,0,21,0,0,0,0,0,0,0,0,0,0,0,0,0, 
1010,4038,1919,5374,869,43,115,0,0,0,0,0,0,0,0,0,0,0,0,0,0,0,0,0,0,0,0,0,0,0,0,0,0,0,0, 
2284,4303,1482,2471,428,27,29,0,0,0,0,0,0,0,0,0,0,0,0,0,0,0,0,0,0,0,0,0,0,0,0,0,0,0,0, 
0,0,0,75,17,0,0,0,0,0,17,0,0,0,0,0,0,0,0,0,0,0,0,23,9,0,0,0,0,0,0,50,0,0,0, 
0,10,0,134,0,0,0,0,0,0,0,0,0,0,76,0,0,0,0,0,0,0,21,0,0,0,0,0,0,0,0,0,0,0,0, 
0,11,0,57,0,0,0,0,0,0,20,0,0,0,0,6,0,0,0,0,0,0,16,0,0,0,0,0,0,0,0,0,0,0,0, 
0,33,0,56,0,0,0,0,6,0,0,0,15,0,0,0,0,0,0,0,0,0,0,0,0,0,0,0,0,0,0,0,0,0,0, 
0,22,16,17,0,0,16,0,0,0,0,0,0,0,0,0,0,0,0,0,0,0,0,0,0,0,0,26,0,0,0,0,0,0,0, 
8,0,0,48,6,0,0,0,0,0,0,0,0,0,0,0,0,7,0,0,0,0,0,0,0,0,0,0,0,11,0,0,0,0,28, 
0,0,0,204,0,0,0,0,0,0,0,0,0,0,51,0,0,0,0,0,0,26,0,0,17,0,0,0,0,0,0,0,0,0,0, 
0,96,0,41,0,0,0,0,0,0,0,0,0,0,0,0,0,0,0,0,0,0,0,0,0,0,0,0,0,28,0,0,0,0,0, 
4,61,0,37,15,0,0,5,0,0,12,0,0,0,0,0,0,0,0,0,0,0,0,0,0,0,0,0,0,0,0,0,0,0,0, 
14,0,14,24,15,0,0,0,0,0,0,0,0,0,0,0,0,0,0,0,0,0,13,0,0,0,0,0,0,0,0,0,0,0,0, 
1025,4608,2703,6993,233,241,7,0,0,0,0,0,0,0,0,0,20,13,0,0,0,0,0,11,0,0,0,0,52,0,0,22,23,0,24, 
870,4212,1881,5743,360,4,135,0,0,0,14,0,0,0,0,0,0,0,0,0,0,10,27,0,0,0,0,8,0,0,0,25,33,0,0, 
1030,4306,1718,4262,528,154,47,0,0,0,73,0,0,7,0,0,0,60,0,0,0,0,0,0,12,0,0,0,0,0,0,0,0,0,0, 
735,2367,1252,3942,423,156,30,0,0,0,33,0,0,0,0,0,0,13,0,0,0,0,9,0,0,0,0,0,0,18,0,0,0,0,0, 
1572,2514,924,2241,307,184,125,19,24,0,0,0,16,0,0,0,0,0,0,0,0,0,0,0,0,0,0,0,0,0,0,0,0,0,0, 
754,3294,2930,8341,654,118,27,0,0,0,23,0,0,0,0,103,0,17,0,0,0,0,38,0,0,0,0,0,20,39,13,58,50,0,0, 
535,3027,1535,6437,874,171,66,0,7,0,41,0,0,0,0,0,0,0,0,0,0,0,28,0,0,0,0,0,0,0,0,67,44,0,0, 
764,3691,1660,5640,538,112,45,0,11,47,38,0,0,26,0,0,0,0,0,0,0,0,0,0,20,0,0,16,0,0,0,0,4,0,0, 
677,3221,1474,3247,704,19,14,0,34,0,15,0,0,0,0,26,0,0,0,0,0,0,0,0,0,0,0,0,23,0,0,0,0,0,0, 
1763,3909,1261,2780,700,39,99,40,0,0,0,0,0,0,0,0,0,0,0,0,0,0,0,0,0,0,0,0,0,0,0,0,0,0,0 
*****