2010 Education by Immigration status in Idaho, race/ethnicity, gender, age 25+, wgtd 2008-12 ACS, SSDAN/U-Mich
5
RaceEth,Gender,AgeEduc,Immentry,EducAll
7,2,5,5,7
NhWhite, Black, Asian, Hispanic, AmIndian, NHOther,NHMulti
Male, Female
25-34,35-44,45-54,55-64,65+
Native,FB<1980,FB80-89,FB90-99,FB00-Current
0-9Yrs,10-12Yrs,HSGrad,SomeColl,CollGrad,Masters,PhD-Prof
2734,21494,13593,41136,3177,1098,457,0,0,0,0,0,0,0,0,0,0,97,0,0,0,0,97,46,310,51,0,0,20,448,122,241,0,0,29, 
2553,19625,11585,37843,5136,1750,1102,71,75,0,40,0,83,0,11,95,0,29,0,18,0,0,161,34,232,21,23,20,54,87,0,177,23,0,47, 
3960,24910,11906,39388,4741,1802,1530,5,169,0,566,109,0,0,19,53,81,202,0,67,71,33,82,0,231,0,20,0,0,133,24,210,56,0,0, 
2503,18823,10439,39317,6508,2291,1355,63,110,38,398,99,26,14,9,94,46,129,19,0,0,41,93,16,97,0,0,0,8,42,0,105,0,0,0, 
8072,24408,10180,30919,6163,2105,2315,194,350,119,954,162,89,73,0,5,0,0,0,0,0,0,0,0,0,0,0,0,0,0,0,3,0,0,0, 
2838,16699,10805,46618,3681,1012,425,0,0,0,24,28,0,0,0,115,0,55,0,0,0,0,92,131,162,0,17,0,99,66,15,542,0,0,12, 
2207,16176,10945,41817,4822,1134,427,0,108,0,93,18,0,0,0,0,28,44,42,26,60,20,56,76,287,67,13,0,13,305,90,475,104,0,13, 
2868,22691,14714,43446,4986,804,668,18,155,69,347,44,0,34,19,253,30,234,40,0,24,0,173,35,323,0,0,13,0,170,29,131,92,12,0, 
2290,21929,12173,39367,5264,673,624,71,313,98,410,154,0,25,17,35,9,152,43,0,0,0,114,0,130,0,0,0,22,139,0,48,38,0,0, 
8544,39489,12273,32299,3396,383,385,410,1123,380,1108,100,0,20,9,19,0,23,23,0,0,49,21,0,28,0,0,0,28,0,0,20,0,27,0, 
4,216,86,210,0,0,0,0,0,0,0,0,0,0,0,0,0,0,0,0,0,0,0,0,0,0,0,0,25,36,23,49,0,0,0, 
0,68,197,239,24,47,20,0,0,0,0,0,0,0,0,22,27,0,0,0,0,0,0,0,33,17,0,0,57,20,0,0,0,0,0, 
135,99,127,318,0,13,0,53,0,0,0,0,0,0,0,0,0,0,0,0,0,0,0,0,14,0,0,0,0,21,0,0,8,0,0, 
0,21,51,434,4,0,4,0,0,0,0,0,0,0,0,0,0,14,0,0,0,0,0,0,0,0,0,0,0,0,0,18,0,0,0, 
18,0,5,61,20,0,3,0,0,0,0,0,0,0,0,0,0,0,0,0,0,0,0,0,0,0,0,0,5,13,0,0,0,0,0, 
0,67,83,84,20,0,0,0,0,0,0,0,0,0,9,0,0,0,0,0,0,0,71,0,56,0,0,0,96,0,0,28,0,0,0, 
28,90,38,48,14,29,0,0,0,0,0,0,0,0,5,0,0,20,0,0,0,21,0,0,0,0,0,0,13,0,0,48,0,16,0, 
17,84,59,93,10,0,0,0,0,0,0,0,0,0,19,0,0,0,0,0,0,19,0,0,0,0,0,0,0,18,0,25,0,0,0, 
13,87,27,34,29,0,0,0,0,0,0,0,0,0,0,0,0,0,0,0,0,0,0,0,0,0,0,0,0,0,0,0,0,0,0, 
0,47,27,140,0,0,0,0,0,0,7,0,0,0,0,0,0,0,0,0,0,0,0,0,0,0,0,0,0,0,0,0,0,0,0, 
8,151,36,383,78,0,0,0,0,0,21,0,0,0,0,0,32,165,0,0,0,22,131,0,92,64,0,0,5,40,33,210,291,0,23, 
21,78,17,152,41,16,0,0,0,19,37,0,39,0,0,83,0,74,26,0,0,0,0,0,152,53,0,54,98,5,0,167,172,0,79, 
60,120,22,304,0,68,0,0,0,0,130,58,0,0,34,0,23,42,51,0,30,0,37,0,42,68,0,17,46,17,0,37,131,23,80, 
0,88,78,259,31,0,0,6,0,0,14,0,0,30,77,86,0,37,30,0,0,0,0,0,0,0,0,29,48,37,0,0,0,0,0, 
0,74,58,93,12,0,35,36,51,27,115,0,0,0,0,16,0,0,0,0,0,0,24,23,17,0,0,0,60,0,0,0,0,0,0, 
0,118,82,407,25,11,28,0,0,0,22,0,0,0,0,61,0,313,24,0,0,0,72,0,118,0,0,0,92,120,59,527,192,0,0, 
0,34,88,213,38,0,33,0,0,0,81,61,0,38,30,4,0,229,20,0,0,52,100,20,501,46,0,51,150,0,0,596,81,0,69, 
12,12,27,236,0,26,0,24,93,0,10,0,0,0,140,85,0,166,18,0,0,15,62,23,124,12,0,13,38,46,0,120,29,0,0, 
49,94,32,80,52,69,21,96,22,49,93,0,0,0,37,27,36,70,0,0,0,73,0,5,77,0,0,0,50,31,0,51,0,0,0, 
2,166,38,74,0,37,0,152,150,34,170,0,0,0,57,23,0,0,0,0,0,8,36,0,43,0,0,0,38,8,0,17,0,0,0, 
793,2516,1529,2179,30,13,80,3,105,0,37,0,0,0,163,181,30,65,0,0,0,1679,759,81,404,31,0,0,2316,1297,231,99,9,24,0, 
632,1235,474,1728,95,39,8,200,90,13,476,0,0,0,1474,817,64,256,0,0,0,1840,746,179,120,16,0,0,973,243,65,273,50,9,0, 
447,858,427,1179,20,53,28,672,144,58,76,46,24,0,1704,245,67,197,0,0,11,674,120,22,60,39,0,25,416,176,0,49,0,0,0, 
334,581,344,502,59,30,10,1043,115,12,183,0,0,0,428,123,12,0,0,0,0,164,39,0,13,0,0,0,179,12,0,27,0,0,0, 
612,411,160,163,28,17,0,496,144,0,91,0,0,0,119,44,0,0,0,0,0,94,10,25,0,0,0,0,76,12,0,0,0,0,0, 
435,1714,1121,2379,40,33,11,0,48,0,18,14,0,0,115,574,125,250,0,0,0,1172,819,203,355,13,0,20,1303,749,101,295,112,65,0, 
754,1600,595,2091,125,0,73,218,236,110,80,0,0,0,826,217,21,237,0,0,0,2015,820,0,179,32,0,0,784,127,20,116,25,28,9, 
613,826,827,1413,90,0,0,227,175,61,106,0,0,0,722,148,26,67,0,0,0,809,251,18,65,0,0,0,337,231,0,10,0,0,0, 
438,416,244,486,5,0,0,603,157,55,119,0,0,0,296,24,0,57,0,0,26,285,0,0,67,0,0,0,120,58,0,0,0,0,0, 
1073,352,212,281,0,0,14,353,200,78,76,0,0,0,168,10,0,0,0,0,0,66,9,0,0,0,0,0,61,0,0,0,0,0,0, 
115,384,233,594,17,0,0,0,0,0,0,0,0,0,0,0,0,0,0,0,0,0,0,0,0,0,0,0,16,19,0,0,0,0,0, 
135,494,176,490,0,0,0,0,0,0,0,0,0,0,34,15,0,0,0,0,0,0,18,36,0,0,0,0,0,0,0,0,0,0,0, 
93,401,62,196,0,37,13,0,16,0,14,0,0,0,0,0,0,0,0,0,0,0,0,0,0,0,0,0,0,0,0,0,0,0,0, 
73,423,98,451,19,0,10,0,4,0,27,0,0,0,121,0,0,0,0,0,0,0,0,0,0,0,0,0,0,0,0,0,0,0,0, 
237,146,42,241,39,0,0,0,0,0,0,0,0,0,0,0,0,0,0,0,0,0,0,0,0,0,0,0,0,0,0,0,0,0,0, 
63,240,136,630,35,0,0,0,0,0,0,0,0,0,0,0,0,0,0,0,0,30,0,0,0,0,0,0,37,0,0,0,0,0,0, 
16,488,289,489,30,0,0,0,0,0,0,0,0,0,0,0,0,0,0,0,0,0,0,0,0,0,0,0,0,0,0,0,0,0,0, 
25,304,289,509,83,4,0,0,0,0,0,0,0,0,0,0,0,0,0,0,0,0,0,0,0,0,0,0,0,0,0,0,0,0,0, 
65,351,46,542,24,0,0,0,8,0,0,0,0,0,0,19,0,0,0,0,0,0,0,0,0,0,0,0,0,0,0,0,0,0,0, 
191,233,89,251,13,0,0,0,0,0,0,0,0,0,0,0,0,0,0,0,0,0,0,0,0,0,0,0,0,0,0,0,0,0,0, 
0,6,0,25,0,0,0,0,0,0,0,0,0,0,0,0,0,0,0,0,0,0,0,0,0,0,0,0,0,0,0,0,0,0,0, 
0,30,0,23,0,0,0,0,0,0,0,0,0,0,0,0,0,0,0,0,0,0,0,0,0,0,0,0,0,0,0,0,0,0,0, 
12,55,0,15,0,0,14,0,0,0,0,0,0,0,0,0,0,0,0,0,0,0,0,0,0,0,0,0,0,0,0,0,0,0,0, 
5,17,0,0,0,0,0,0,0,0,0,0,0,0,0,0,0,0,0,0,0,0,0,0,0,0,0,0,0,0,0,0,0,0,0, 
0,0,15,6,0,0,0,0,0,0,0,0,0,0,0,0,0,0,0,0,0,0,0,0,0,0,0,0,0,0,0,0,0,0,0, 
0,0,0,18,0,0,0,0,0,0,0,0,0,0,0,0,0,0,0,0,0,0,0,0,0,0,0,0,0,0,0,0,0,0,0, 
0,41,0,34,0,0,0,0,0,0,0,0,0,0,0,0,0,0,0,0,0,0,0,0,0,0,0,0,0,0,0,0,0,0,0, 
0,0,0,29,15,0,0,0,0,0,0,0,0,0,0,0,0,0,0,0,0,0,0,0,0,0,0,0,0,0,0,0,0,16,0, 
5,0,0,6,0,0,4,16,0,0,0,0,0,0,0,0,0,0,0,0,0,0,0,0,0,0,0,0,0,0,0,0,0,0,0, 
27,5,0,8,0,0,0,0,0,0,0,0,0,0,0,0,0,0,0,0,0,0,0,0,0,0,0,0,0,0,0,0,0,0,0, 
161,377,455,671,67,0,0,0,0,0,0,0,0,0,0,0,19,0,0,0,0,0,0,0,0,0,0,0,0,62,0,2,0,0,0, 
49,357,120,663,60,31,0,0,0,0,0,0,0,0,0,0,17,22,0,0,0,0,0,0,0,0,0,43,0,0,126,0,0,0,0, 
143,430,156,537,67,0,0,0,0,0,0,0,0,0,0,0,0,0,0,0,0,0,0,0,0,0,0,0,40,0,0,0,0,0,0, 
18,123,139,371,21,28,0,0,0,0,33,0,0,27,0,0,0,0,0,0,0,0,0,0,0,0,0,0,0,15,0,0,0,0,0, 
74,155,162,243,9,133,0,0,0,0,0,0,0,0,0,0,0,0,0,0,0,0,0,0,0,0,0,0,0,0,0,0,0,0,0, 
140,299,327,834,22,0,0,0,0,0,0,0,0,0,0,0,0,0,0,0,0,0,0,0,0,0,0,0,79,0,42,37,0,0,0, 
23,172,169,684,65,33,0,0,0,16,0,0,0,0,0,0,0,0,0,0,0,0,0,0,6,22,0,0,0,0,0,0,0,0,0, 
78,364,144,475,14,0,0,0,14,0,3,0,0,0,0,0,0,0,0,0,0,0,0,0,0,0,0,0,0,0,0,40,0,0,0, 
26,333,75,442,49,0,0,0,0,0,97,31,0,0,0,0,0,0,0,0,0,0,0,0,0,0,0,0,0,0,0,28,0,0,0, 
203,189,125,253,0,6,9,64,0,0,24,0,0,0,38,0,0,0,0,0,0,0,0,0,0,0,0,0,0,0,0,0,0,0,0 
*****