2010 Education by occupation in Mississippi, race/ethnicity, and gender for age 25+, wgtd 2008-12 ACS, SSDAN/U-Mich
5
AgeEduc,RaceEth,Gender,EducAll,Occup
5,7,2,7,6
25-34,35-44,45-54,55-64,65+
NhWhite,Black,Asian,Hispanic,AmIndian,NHOther,NHMulti
Male,Female
0-9Yrs,10-12Yrs,HSGrad,SomeColl,CollGrad,Masters,PhD-Prof
TopWC,OtherWC,Service,TopBC,OtherBC,Farm
156,158,391,2224,1350,98,497,540,870,4055,2085,380,1839,3502,2960,9408,6714,530,5823,8292,5457,8776,5392,365,7826,5445,1757,1130,532,122,2965,965,33,104,32,41,1792,228,48,36,0,14, 
176,1025,800,181,148,0,259,1653,1554,299,664,132,1649,8887,4487,373,1871,189,7602,19588,6653,309,1187,210,11872,6757,1282,81,112,67,5366,1337,234,0,13,0,1881,275,0,16,0,0, 
14,133,491,774,1103,65,139,681,2117,2181,2855,290,424,3159,4846,3839,7670,482,1638,3431,4561,3484,6474,137,1887,1504,623,161,792,37,698,266,175,100,22,0,318,67,37,0,7,0, 
57,378,878,42,376,34,229,1400,3158,173,766,32,1051,5905,6256,654,2105,60,3672,14285,10631,413,2621,22,4634,4557,1280,118,137,22,2184,1326,168,23,62,0,767,67,23,39,0,0, 
0,0,13,55,0,93,34,114,63,30,67,0,0,88,137,2,73,0,86,235,134,92,2,0,211,53,94,0,0,0,389,27,11,0,0,0,53,0,0,0,0,0, 
0,0,112,0,0,0,0,0,0,0,0,0,0,247,175,0,7,0,56,242,359,11,0,0,192,240,91,0,0,0,104,23,0,25,0,0,127,0,0,0,0,0, 
0,46,964,1624,431,161,9,38,177,609,197,74,61,157,766,998,630,239,350,185,280,685,480,36,117,52,45,72,19,0,70,3,0,18,31,0,179,0,0,0,0,0, 
0,42,418,23,78,53,0,67,215,0,104,0,114,224,302,123,57,0,105,656,513,0,59,26,262,187,155,51,0,0,70,24,0,0,0,0,65,0,0,0,0,0, 
0,0,31,14,0,0,0,0,95,42,9,0,0,35,163,178,22,0,18,58,191,4,35,0,0,13,0,0,0,0,0,0,0,0,0,0,19,0,0,0,0,0, 
18,11,38,0,0,0,0,16,86,0,0,0,19,62,61,0,0,0,8,305,88,0,26,0,23,10,32,0,0,0,21,20,0,0,0,0,0,0,0,0,0,0, 
0,0,0,0,0,0,0,0,0,0,0,0,0,80,0,22,0,0,0,0,28,0,0,0,38,0,0,0,0,0,0,0,0,0,0,0,0,0,0,0,0,0, 
0,0,0,0,45,0,0,0,0,0,0,0,0,19,0,0,0,0,0,97,16,0,0,0,0,0,19,0,0,0,0,0,0,0,0,0,0,0,0,0,0,0, 
0,41,0,0,49,0,0,34,0,33,30,0,0,111,31,56,117,0,73,105,44,33,0,0,27,112,10,15,0,0,59,0,0,0,0,0,0,0,0,0,0,0, 
0,14,0,0,0,0,0,59,43,0,0,0,0,127,26,20,0,0,138,220,199,0,3,16,137,66,7,0,31,0,0,0,0,0,0,0,0,0,0,0,0,0, 
289,214,320,2340,1318,191,470,962,683,3368,2177,188,2640,5025,2956,10272,8803,415,6917,7800,4299,8869,5820,263,9092,4432,1178,1430,763,108,3689,976,242,133,73,38,3304,346,33,50,0,34, 
244,662,887,254,277,31,297,1607,1203,209,461,51,2760,10672,4810,426,1639,159,9081,19033,5671,549,1548,222,11537,4545,1023,32,82,96,5552,1327,76,0,0,9,2867,165,33,0,0,0, 
70,106,315,390,232,211,42,447,1279,1459,2645,356,649,2782,3344,3881,9927,460,1016,2562,4751,3133,5659,111,1083,1267,395,358,393,14,605,301,73,0,55,0,301,63,0,0,0,0, 
67,372,543,56,224,7,127,940,2775,292,921,60,954,4859,6689,696,4627,124,3751,11263,6895,588,2277,0,4367,3960,669,0,179,0,2980,1229,81,50,68,0,622,75,26,0,0,0, 
49,0,24,0,63,104,0,0,41,62,18,0,78,25,83,38,51,0,82,90,114,62,22,0,64,63,14,17,52,0,107,58,0,0,0,0,188,23,0,0,0,0, 
0,25,102,0,11,0,0,0,132,142,0,0,17,96,172,0,23,20,0,192,100,0,0,0,403,217,227,0,0,0,107,0,17,0,61,0,116,10,0,7,0,0, 
0,40,359,1033,490,103,17,0,85,282,130,16,66,136,201,552,219,68,157,233,113,263,294,0,63,5,53,13,0,0,39,41,0,0,0,0,224,0,0,0,0,0, 
11,64,277,53,162,25,36,35,159,33,35,0,150,120,225,23,86,21,126,600,105,45,38,0,71,59,51,39,0,0,105,72,0,0,18,0,45,0,0,0,0,0, 
0,0,37,50,83,0,0,0,45,72,20,0,32,22,102,42,81,0,50,23,202,11,15,0,0,38,0,26,0,0,0,0,0,0,0,0,18,0,0,0,0,0, 
0,0,72,0,6,0,0,0,53,0,18,0,0,98,34,0,0,0,150,146,78,0,44,0,0,31,41,0,0,0,105,0,0,0,0,0,0,0,0,0,0,0, 
0,0,0,0,0,0,0,0,0,0,0,0,36,0,0,0,0,0,0,0,0,0,0,0,19,0,0,0,0,0,0,0,0,0,0,0,13,0,0,0,0,0, 
0,0,0,0,0,0,0,0,0,0,0,0,0,13,0,0,0,0,0,14,48,0,0,0,0,0,0,0,0,0,0,0,0,0,0,0,0,0,0,0,0,0, 
0,21,14,38,5,0,0,0,0,33,5,0,0,55,0,101,9,0,42,145,21,33,84,0,54,30,15,27,34,0,0,0,0,0,0,0,21,0,0,0,0,0, 
0,0,0,0,0,0,8,0,0,0,0,0,0,92,73,0,0,0,209,94,121,11,0,0,109,5,39,0,0,0,30,17,0,0,0,0,13,0,0,0,0,0, 
303,310,443,2752,2128,271,195,504,585,3895,2804,299,3647,5782,3103,12435,9858,739,7568,9253,2845,9828,5692,403,8469,4815,1022,983,935,221,3286,1206,90,153,153,0,3558,342,36,76,0,0, 
244,727,829,50,467,34,344,1495,1073,229,703,4,3134,14015,5202,653,3163,396,10090,22519,5042,739,1280,105,11784,5249,756,108,293,7,6550,1001,154,43,25,37,1507,297,23,0,0,0, 
70,193,717,845,1285,580,139,372,1339,2009,2742,583,768,2048,3632,5052,8378,417,1156,2492,3144,3616,4030,227,1334,1041,284,592,591,0,445,212,79,9,50,0,278,165,0,28,0,0, 
29,323,1092,77,328,27,242,812,3172,223,1215,284,811,4867,7536,431,4598,78,3579,9150,5721,634,3112,23,3520,3236,563,80,246,14,2148,696,107,0,4,0,487,51,0,0,0,0, 
78,34,84,0,0,73,0,50,61,0,0,0,20,125,3,3,66,87,7,65,104,0,0,0,83,183,15,0,0,0,197,64,0,0,0,0,190,0,13,0,0,0, 
14,4,141,20,0,0,32,79,74,0,0,0,26,85,171,9,87,0,141,221,54,0,25,0,272,171,13,0,0,0,16,51,0,0,0,0,133,0,0,0,0,0, 
38,0,152,448,146,141,15,41,117,174,57,14,115,58,237,193,106,56,82,40,140,44,33,28,137,83,13,0,16,0,76,10,0,0,0,0,9,58,0,0,9,0, 
0,0,127,216,74,0,0,5,113,78,47,0,187,201,150,153,6,0,53,131,153,0,30,0,69,54,0,0,0,0,69,0,20,0,0,0,94,0,0,0,0,0, 
0,22,60,14,0,0,0,0,20,11,0,0,39,111,119,66,65,0,9,14,37,31,21,0,23,3,0,0,0,0,19,0,0,0,0,0,0,0,0,0,0,0, 
0,0,69,0,0,0,0,5,16,0,33,0,34,93,89,22,0,0,95,189,0,0,0,0,52,4,0,0,0,0,6,24,0,0,0,0,0,0,0,0,0,0, 
0,0,0,0,0,0,0,0,0,0,0,0,0,28,0,0,0,0,94,0,0,0,0,0,20,0,0,0,0,0,0,0,0,0,0,0,15,0,0,0,0,0, 
0,0,43,0,0,0,0,0,0,0,0,0,0,8,0,0,22,0,0,14,0,0,0,0,51,0,0,0,0,0,0,0,0,0,0,0,0,0,0,0,0,0, 
10,0,0,72,0,0,0,0,15,16,4,0,0,127,0,91,10,0,85,50,32,119,176,0,55,45,42,0,0,0,0,0,0,28,0,0,24,0,0,0,0,0, 
0,0,0,0,0,0,0,0,13,0,18,0,11,109,39,0,10,0,77,129,136,32,85,0,119,140,0,0,0,0,65,23,0,5,0,0,0,0,0,0,0,0, 
332,260,418,1717,1557,246,219,533,373,1576,1630,132,2519,4659,2099,6333,8257,427,6129,7971,2659,6628,5082,321,7912,4648,756,816,1003,154,3668,1310,350,167,179,0,4184,352,52,122,42,24, 
110,392,717,74,394,19,344,1466,1061,100,620,43,2754,14077,4602,610,2863,148,6723,16321,3019,315,843,87,7890,3756,166,48,111,12,6736,1258,139,59,67,0,1489,317,12,0,65,0, 
73,138,487,1046,1252,590,150,359,730,1453,1494,308,461,935,1923,2678,4045,262,868,1479,1340,1638,2960,66,880,753,278,153,532,16,645,289,59,36,58,0,460,75,0,0,11,0, 
60,253,1176,32,411,51,147,391,2353,207,1001,34,798,2314,4202,251,1941,127,1864,4517,3373,169,943,0,2667,1863,746,23,67,0,2039,520,69,27,0,0,714,80,23,0,0,0, 
35,0,41,29,23,26,8,16,46,20,0,0,0,0,34,0,0,0,0,32,6,88,0,13,83,29,7,0,0,0,62,42,27,0,0,0,143,0,0,16,0,0, 
0,25,113,0,74,13,51,18,156,0,28,0,4,25,130,10,0,0,212,98,89,0,0,0,78,68,0,0,25,0,57,11,0,0,0,0,18,0,0,0,0,0, 
83,23,50,244,95,36,3,19,0,89,58,0,3,50,62,2,28,20,87,85,108,98,80,0,88,24,0,0,0,0,98,0,0,0,11,0,63,0,0,0,0,0, 
29,9,55,13,19,0,0,65,0,0,25,0,12,43,84,0,24,0,34,129,123,35,17,0,52,16,6,0,0,0,56,0,0,0,0,0,8,0,0,0,0,0, 
0,0,0,34,0,4,0,0,0,0,0,0,0,0,22,38,54,0,31,16,0,35,7,0,0,12,0,0,0,0,0,0,0,0,0,0,60,0,0,0,0,0, 
0,0,32,0,0,0,14,0,0,0,0,0,61,20,124,19,0,0,96,71,77,0,36,0,0,27,0,0,0,0,0,0,0,0,0,0,8,0,0,0,0,0, 
0,0,0,0,0,0,0,0,0,0,102,0,0,11,0,0,0,0,0,0,0,0,0,0,0,0,0,0,0,0,0,0,0,0,0,0,0,0,0,0,0,0, 
0,0,0,0,0,0,0,0,0,0,0,0,0,0,0,0,0,0,0,0,0,0,0,0,0,0,0,0,0,0,0,0,0,0,0,0,0,0,0,0,0,0, 
6,0,14,27,0,0,0,0,36,30,52,10,10,13,3,24,39,0,48,3,22,31,34,0,62,0,0,0,0,0,20,0,0,0,0,0,23,0,0,0,0,0, 
0,0,0,0,0,0,0,0,12,0,0,0,0,21,6,0,28,0,65,184,55,0,12,0,32,30,0,0,0,0,28,0,0,0,0,0,25,0,0,0,0,0, 
338,367,359,1002,678,93,345,375,333,970,831,138,1724,2855,1639,3015,2862,365,2426,3648,1313,1752,1797,162,3048,2114,479,402,297,114,1855,1072,160,58,142,20,2993,571,19,39,61,31, 
19,596,592,109,217,0,220,1095,641,12,163,4,1567,7403,2293,156,931,43,2509,6476,1082,101,310,58,1832,1550,157,23,30,0,1550,666,145,0,33,0,456,152,22,0,0,0, 
120,59,585,455,787,302,0,127,273,267,539,193,49,228,695,629,601,32,298,501,341,267,356,0,266,69,63,48,42,27,279,139,18,53,17,0,166,13,20,0,52,0, 
61,198,1108,29,136,0,3,195,653,117,222,14,163,464,1241,67,377,16,545,1072,718,19,78,0,630,193,86,0,16,0,587,102,105,0,0,0,204,35,27,0,0,0, 
0,0,52,0,0,28,0,0,43,0,0,0,0,4,16,27,0,0,8,5,24,0,51,0,17,23,14,0,0,0,0,0,0,0,0,0,82,0,0,0,0,0, 
0,17,10,0,0,0,0,6,25,0,0,0,0,5,81,0,26,0,13,2,0,0,0,0,44,4,0,0,0,0,12,44,20,0,0,0,17,20,0,0,0,0, 
0,0,0,0,21,8,0,0,0,40,0,0,43,17,0,25,46,0,31,105,0,0,0,0,32,35,0,0,0,20,6,0,0,0,0,0,35,0,0,0,0,0, 
0,24,22,0,0,0,0,26,0,0,0,0,0,35,61,0,42,0,0,9,0,0,0,0,36,0,0,34,0,0,7,0,0,0,0,0,14,0,0,0,0,0, 
0,0,0,0,14,0,0,0,0,0,0,0,0,24,6,0,17,0,64,0,0,0,0,0,0,0,0,0,0,0,0,0,0,0,0,0,0,0,0,0,0,0, 
0,0,10,0,0,0,0,17,0,0,0,0,0,24,6,0,0,0,0,40,30,0,0,0,0,0,0,0,0,0,0,0,0,0,0,0,0,0,0,0,0,0, 
0,0,0,0,0,0,0,0,0,0,0,0,0,0,0,0,0,0,0,0,0,0,0,0,0,0,0,0,0,0,0,0,0,0,0,0,0,0,0,0,0,0, 
0,0,0,0,0,0,0,0,0,0,0,0,0,0,0,0,0,0,0,0,0,0,0,0,0,18,0,0,0,0,0,0,0,0,0,0,0,0,0,0,0,0, 
0,0,0,16,0,0,0,0,0,0,0,0,21,0,0,0,0,0,25,54,0,0,0,0,0,0,0,18,15,0,10,0,0,0,0,0,33,0,0,0,0,0, 
0,4,0,0,24,0,19,0,36,0,0,0,0,64,5,0,0,0,1,59,28,0,0,0,0,0,0,0,0,0,0,18,0,0,0,0,0,0,0,0,0,0 
*****