2010 Education by Immigration status in Kentucky, race/ethnicity, gender, age 25+, wgtd 2008-12 ACS, SSDAN/U-Mich
5
RaceEth,Gender,AgeEduc,Immentry,EducAll
7,2,5,5,7
NhWhite, Black, Asian, Hispanic, AmIndian, NHOther,NHMulti
Male, Female
25-34,35-44,45-54,55-64,65+
Native,FB<1980,FB80-89,FB90-99,FB00-Current
0-9Yrs,10-12Yrs,HSGrad,SomeColl,CollGrad,Masters,PhD-Prof
16423,72345,36297,93816,9890,3481,1320,0,0,0,15,0,0,0,18,0,66,120,17,0,0,200,134,15,392,40,15,53,192,318,88,493,201,67,84, 
22410,85903,33729,86041,11817,3942,1905,0,75,25,65,31,13,0,0,12,0,228,15,54,19,135,464,127,493,128,208,71,80,612,25,349,114,40,87, 
33594,105137,37669,80260,12048,4562,2083,123,283,65,298,273,0,13,0,46,104,182,71,24,18,0,267,37,202,65,24,82,36,396,0,327,81,46,0, 
32651,76593,33110,70876,15342,6216,2770,87,207,36,326,105,44,49,16,38,15,128,42,10,34,14,143,0,171,70,0,53,17,115,24,18,0,4,0, 
64923,67094,29324,51561,11227,5554,3250,100,143,65,368,75,66,127,0,23,0,17,15,36,26,58,55,18,74,97,33,5,6,0,0,34,0,0,48, 
13660,53760,28999,115732,17543,3400,1242,0,0,0,0,35,0,0,0,48,14,46,0,0,0,48,305,0,552,140,0,81,106,225,134,879,157,97,31, 
16488,64362,30884,109633,20270,4065,1324,0,51,0,258,23,0,0,6,74,10,258,73,79,59,90,431,46,513,49,24,38,125,554,21,439,179,22,101, 
23549,90037,44614,102527,19744,4101,1136,0,76,142,301,69,29,10,16,211,38,221,136,27,0,50,302,75,240,173,53,35,88,208,20,233,0,16,29, 
27164,86311,40391,70440,21457,3686,1541,59,485,135,670,52,28,0,0,165,12,109,16,16,0,12,134,23,148,18,14,42,44,67,41,62,0,0,0, 
79868,116387,37779,55228,13442,1870,1200,332,1425,301,880,86,52,19,0,75,0,46,0,0,0,152,54,42,64,27,0,0,48,55,0,43,0,0,0, 
1794,8454,4650,8439,554,51,0,0,0,0,89,0,0,0,0,0,0,28,0,0,0,0,76,98,101,47,0,0,166,441,208,212,122,0,0, 
1160,8041,3262,8143,1029,227,0,0,0,0,0,5,0,0,17,0,0,52,19,0,0,102,35,74,228,114,14,0,184,304,79,73,37,0,0, 
2149,8068,2989,8329,434,97,105,0,142,0,0,0,6,0,32,37,26,52,10,0,0,0,25,18,95,0,0,2,14,54,0,106,92,10,0, 
1446,6173,2567,4434,707,88,256,0,31,0,30,0,0,29,0,71,0,42,0,0,0,14,23,0,0,0,0,0,17,87,0,0,65,0,0, 
2847,3923,1187,2044,482,102,64,7,0,0,53,0,21,0,0,9,0,15,0,0,0,12,9,0,0,0,0,0,15,0,0,0,0,0,0, 
985,5899,2925,11376,1371,216,0,0,0,0,0,0,0,0,0,0,0,18,0,0,0,46,108,43,204,0,0,0,491,335,41,212,32,0,0, 
931,6046,2789,10165,824,219,149,26,69,0,59,0,0,0,0,0,0,24,19,28,0,26,118,0,136,0,16,0,289,169,17,456,0,15,0, 
1178,7689,3643,10138,1101,240,110,0,12,0,14,0,0,0,0,60,0,32,5,0,0,16,75,0,0,0,4,0,18,55,0,75,22,0,0, 
1667,6523,2508,6382,1193,84,100,0,69,0,27,0,0,0,19,17,0,14,0,0,0,0,23,0,14,0,0,0,86,24,0,11,0,0,0, 
4474,7047,2054,3368,494,21,77,31,0,0,0,0,0,0,0,0,0,29,0,0,0,28,10,0,0,0,0,0,2,0,0,0,0,0,0, 
0,46,80,461,74,23,21,0,5,0,44,0,0,18,48,18,155,227,0,30,0,66,120,37,318,34,0,0,86,203,0,1117,691,192,227, 
18,72,0,318,27,37,9,0,0,48,293,51,30,0,24,173,16,124,100,25,0,113,234,49,313,282,177,195,306,166,9,738,430,82,141, 
0,96,32,83,20,29,0,0,18,0,86,10,17,0,88,63,0,84,60,113,205,196,136,60,251,169,138,115,68,30,0,279,204,33,39, 
5,0,58,87,0,26,31,27,26,0,73,89,146,61,0,38,16,103,49,67,13,38,77,4,22,0,0,78,61,52,0,55,0,0,16, 
0,0,0,71,0,11,0,15,45,40,118,17,200,66,0,0,0,42,4,25,16,45,157,0,74,0,0,0,19,25,0,0,0,0,0, 
0,68,113,456,109,54,0,0,0,0,55,0,8,0,0,15,0,140,25,0,0,36,334,0,429,117,50,0,320,396,126,1683,780,110,209, 
0,123,24,205,82,79,21,0,23,0,82,0,19,0,62,190,32,189,87,51,0,187,171,127,659,272,183,206,405,567,111,1009,114,66,79, 
13,81,9,102,26,14,16,29,102,138,173,23,81,0,74,161,73,292,50,22,63,102,159,60,481,77,9,16,78,114,71,251,103,0,38, 
18,23,0,93,50,0,0,190,175,95,232,45,13,20,70,112,22,98,37,37,2,49,70,0,132,11,0,58,161,89,0,50,16,0,0, 
0,56,7,40,0,0,0,221,198,56,241,43,97,3,84,69,11,25,22,0,13,252,61,15,43,0,21,0,93,25,0,0,0,0,0, 
379,915,793,1660,34,8,47,0,75,0,0,0,0,0,25,358,0,73,0,0,0,1094,880,119,184,45,0,0,2934,2931,354,767,148,119,48, 
470,943,554,884,134,0,0,81,22,15,19,41,0,0,403,315,57,107,76,0,0,1309,1422,46,277,45,0,27,1619,941,197,351,11,47,0, 
139,443,325,999,40,58,0,277,171,88,248,7,0,41,374,161,84,205,15,0,26,411,292,33,17,11,35,10,604,704,46,177,67,43,0, 
204,211,173,181,154,0,22,44,47,0,79,0,10,0,47,53,0,62,87,6,0,167,14,0,12,0,0,0,226,180,18,44,0,15,0, 
84,271,172,170,25,16,17,64,65,0,121,14,25,0,13,0,0,72,0,0,0,32,27,18,0,0,0,0,33,52,0,41,0,0,0, 
284,1047,1007,2145,214,47,38,0,16,0,0,0,0,0,142,104,0,130,0,0,25,775,448,159,201,0,0,7,1578,2050,120,681,105,25,0, 
182,1007,400,1227,175,73,24,0,115,20,65,27,0,0,55,104,63,23,67,0,0,631,320,79,279,44,20,0,842,978,22,458,15,10,0, 
187,502,187,786,170,38,33,52,78,90,213,44,0,0,250,59,54,52,0,0,0,210,256,24,75,23,18,56,169,317,0,242,55,41,40, 
339,401,201,355,102,0,15,0,27,62,170,30,0,42,52,7,5,0,0,0,0,79,37,15,19,11,0,0,135,106,0,139,0,18,0, 
297,363,211,428,29,0,0,263,100,9,53,0,0,0,74,4,0,0,0,0,0,11,34,0,0,0,0,0,158,79,0,34,0,0,0, 
54,109,140,237,46,0,0,0,0,0,0,0,0,0,0,0,0,0,0,0,0,17,0,0,13,0,0,0,18,45,0,0,0,0,0, 
38,337,82,200,19,0,0,0,0,0,0,0,0,0,91,0,0,0,0,0,0,33,10,0,23,0,0,0,0,0,0,0,0,0,0, 
91,128,141,247,26,0,0,0,0,0,0,0,0,0,14,0,0,0,0,0,0,0,5,0,0,0,0,0,0,0,0,0,0,0,0, 
79,144,119,140,58,0,5,0,0,0,0,0,0,0,0,0,0,0,0,0,0,0,0,0,0,0,0,0,0,0,0,0,0,0,0, 
176,37,108,75,30,0,0,0,0,0,5,0,0,0,0,0,0,0,0,0,0,0,0,0,0,0,0,0,35,0,0,0,0,0,0, 
74,175,0,237,34,0,22,0,0,0,0,0,0,0,0,8,0,0,0,0,0,0,17,15,116,0,0,0,15,14,5,12,0,0,0, 
33,114,102,222,29,0,0,0,0,0,0,0,0,0,0,0,0,0,0,0,0,10,0,0,0,0,0,0,0,0,0,0,0,0,0, 
54,113,183,336,87,0,0,0,0,0,0,0,0,0,0,0,0,0,0,0,0,0,0,0,0,0,0,0,0,0,3,0,0,0,0, 
81,33,95,217,35,0,0,0,0,0,0,0,0,0,0,0,0,0,0,0,0,0,0,0,0,0,0,0,0,0,0,0,0,0,0, 
110,20,21,77,54,0,0,0,0,0,0,0,0,0,0,0,0,0,0,0,0,0,0,0,0,0,0,0,0,0,0,0,0,0,0, 
0,0,45,46,0,17,0,0,0,0,0,0,0,0,0,0,0,0,0,0,0,0,0,0,0,0,0,0,14,0,0,231,79,0,0, 
0,43,0,17,0,0,0,0,0,0,0,49,0,0,0,0,0,0,0,0,0,0,0,0,41,0,0,0,0,54,0,0,0,0,0, 
0,67,16,29,37,0,17,0,0,0,0,0,0,0,0,0,0,0,0,0,49,0,0,0,0,0,0,0,0,0,0,0,0,0,0, 
0,48,0,8,0,0,0,0,0,0,0,0,0,0,0,0,0,0,0,0,0,0,0,0,0,0,0,0,0,0,0,0,0,0,0, 
0,48,0,0,0,13,0,0,0,0,0,0,0,0,0,0,0,0,0,0,0,0,0,0,0,0,0,0,0,0,0,0,0,0,0, 
0,19,8,61,38,0,0,0,0,0,0,0,0,0,0,0,0,12,0,0,0,0,0,0,0,0,0,0,0,27,0,0,0,0,0, 
0,53,0,34,0,20,0,0,0,0,0,0,0,0,0,0,0,0,0,0,0,0,0,0,0,0,0,0,0,0,0,0,0,0,0, 
13,35,0,17,0,15,0,0,0,0,0,0,0,0,0,0,0,0,0,0,54,0,0,0,0,0,0,0,0,0,0,0,0,0,0, 
0,17,9,18,0,0,0,0,0,0,0,0,0,0,0,0,0,0,0,0,0,0,0,0,0,0,0,0,0,0,0,0,0,0,0, 
0,0,0,14,0,0,0,0,0,0,0,0,0,0,0,0,0,0,0,0,0,0,0,0,0,0,0,0,0,0,0,0,0,0,0, 
171,532,359,625,88,48,0,0,0,0,0,0,0,0,0,0,43,18,0,0,0,0,0,0,0,0,0,0,0,0,0,141,0,31,0, 
157,669,289,779,43,17,27,0,10,0,0,13,0,0,0,0,16,0,0,0,19,15,0,0,0,0,0,0,0,0,0,95,0,0,0, 
286,777,313,610,144,7,0,0,0,17,12,10,0,0,0,0,24,0,0,31,0,0,39,0,0,0,15,0,0,0,0,0,0,0,0, 
156,221,206,683,12,52,4,0,0,0,6,14,0,0,0,0,0,21,0,0,0,0,0,0,0,0,0,0,0,0,0,0,0,0,0, 
368,337,202,536,19,3,13,0,10,21,41,5,0,0,0,0,0,0,21,0,0,0,0,0,0,0,0,0,0,0,0,0,0,0,0, 
61,611,443,1999,122,61,0,0,0,0,0,0,0,0,0,0,22,0,0,0,0,0,0,0,26,0,0,0,0,0,0,54,17,0,0, 
210,325,343,1168,152,9,0,0,0,0,40,10,0,0,0,15,0,24,0,0,0,0,14,0,32,5,0,0,0,0,28,10,33,36,0, 
148,342,348,938,48,47,4,0,0,0,63,0,0,0,0,0,0,0,0,0,0,0,0,17,0,18,0,0,0,0,0,41,0,0,0, 
204,382,368,625,18,0,106,37,0,0,96,0,0,0,0,35,0,0,26,0,0,0,0,0,0,0,0,0,0,0,0,0,0,0,0, 
644,809,237,308,13,30,30,16,8,28,9,0,0,0,21,0,0,0,0,0,0,0,32,0,0,0,0,0,0,0,0,0,0,0,0 
*****