2010 Education by Immigration status in West Virginia, race/ethnicity, gender, age 25+, wgtd 2008-12 ACS, SSDAN/U-Mich
5
RaceEth,Gender,AgeEduc,Immentry,EducAll
7,2,5,5,7
NhWhite, Black, Asian, Hispanic, AmIndian, NHOther,NHMulti
Male, Female
25-34,35-44,45-54,55-64,65+
Native,FB<1980,FB80-89,FB90-99,FB00-Current
0-9Yrs,10-12Yrs,HSGrad,SomeColl,CollGrad,Masters,PhD-Prof
6995,39406,12652,35924,3416,1399,543,0,0,0,0,0,0,0,0,23,0,111,0,0,0,0,0,0,8,0,0,13,0,8,46,300,47,82,12, 
9803,46435,12549,34965,3839,1941,476,0,8,0,16,0,0,14,0,0,0,25,32,0,0,0,78,0,79,18,0,32,0,75,0,183,12,24,13, 
14447,58678,14852,31126,3773,2125,918,0,104,25,86,39,0,0,0,0,0,78,7,47,0,35,0,0,113,97,0,0,0,0,5,40,0,21,13, 
15634,47211,15128,34857,6739,2133,1340,6,24,34,205,23,62,39,0,30,0,26,0,0,43,0,20,0,31,0,30,13,0,0,0,0,0,0,0, 
31992,45890,14585,24435,4717,2231,1402,91,116,45,165,0,40,48,0,39,16,17,0,0,52,48,30,0,10,4,0,0,0,0,0,0,5,0,0, 
5621,29293,11414,45760,6075,1331,589,0,0,0,0,0,0,0,0,0,11,0,0,0,40,0,0,0,45,0,13,0,0,30,0,216,52,0,9, 
6989,35998,13227,45591,6665,1190,469,0,0,0,0,24,0,0,0,67,0,42,0,0,0,37,12,0,129,8,0,0,0,0,0,163,40,23,0, 
11103,47759,18615,43265,7388,1071,874,0,56,18,145,41,0,0,0,23,0,99,22,0,0,0,33,43,91,34,0,80,0,15,0,62,0,0,0, 
12322,52375,17529,32976,10114,854,783,68,92,55,168,31,0,0,0,0,20,37,20,0,0,39,17,0,0,0,0,15,20,0,4,0,0,0,0, 
36998,73067,18249,26162,4989,519,474,338,427,112,397,42,25,0,0,7,0,14,0,0,0,14,0,0,14,12,0,0,42,0,0,0,0,0,0, 
423,1197,1393,1485,43,7,0,0,11,0,0,0,0,0,0,0,0,0,0,0,0,0,0,0,22,0,0,0,0,32,0,163,146,0,0, 
350,1376,1203,1787,21,0,0,35,18,0,37,3,0,0,0,81,0,78,0,0,0,0,0,0,0,0,0,0,0,0,0,24,0,0,46, 
113,1994,631,1069,203,25,9,0,26,0,0,0,0,0,0,25,0,14,0,60,0,0,0,0,0,0,0,0,0,0,0,21,0,0,0, 
254,1350,473,1263,248,0,0,79,0,0,8,10,0,0,0,18,0,0,0,0,0,0,0,0,0,0,0,0,0,5,0,0,0,0,0, 
636,924,174,376,138,38,44,0,0,0,0,0,0,0,26,0,0,0,0,0,0,0,0,0,0,0,0,0,0,0,0,0,0,0,0, 
236,862,408,1524,31,51,0,0,0,0,0,0,0,0,9,0,0,0,0,0,0,0,0,0,0,0,0,0,105,0,0,48,9,14,0, 
107,1281,350,1307,174,0,14,0,0,0,18,0,0,0,0,0,0,0,0,0,0,0,0,23,11,32,0,0,0,0,0,0,0,0,17, 
209,1638,426,1248,206,0,0,0,0,0,61,0,0,26,0,0,0,59,0,0,0,0,0,0,0,0,0,0,0,21,0,0,0,0,0, 
219,1326,422,1052,39,34,7,6,0,9,26,0,0,0,0,18,0,0,0,35,0,0,0,0,0,0,0,0,0,0,0,0,0,0,0, 
787,1877,433,853,105,27,0,0,0,0,0,0,0,0,0,0,0,0,0,0,0,0,0,0,0,0,0,0,0,0,0,0,0,0,0, 
0,13,54,118,0,47,0,0,0,0,0,0,0,0,0,0,0,69,0,0,0,107,25,59,72,0,26,0,22,97,0,151,175,164,123, 
0,0,84,32,39,0,0,0,0,0,67,0,0,0,0,42,0,44,35,0,0,8,47,24,108,0,36,60,17,7,6,0,56,64,36, 
0,48,24,118,0,10,0,0,0,0,12,0,30,0,0,17,0,0,86,20,44,0,22,0,0,113,74,28,50,0,0,45,6,0,26, 
0,3,0,0,0,36,0,8,38,4,0,25,31,32,0,0,0,19,33,48,32,0,0,0,3,0,0,0,0,0,30,0,0,0,29, 
0,0,0,25,0,0,0,6,0,0,26,38,167,20,0,9,0,23,0,8,27,0,0,0,24,41,0,0,28,0,0,8,0,0,0, 
0,18,0,75,87,44,0,0,0,0,0,0,0,0,0,0,0,30,0,19,0,27,52,0,47,0,0,0,0,96,0,413,161,20,36, 
0,0,0,20,21,95,0,0,21,8,19,0,0,0,13,0,15,82,0,0,0,105,81,0,59,10,22,0,158,5,19,172,180,127,5, 
0,26,19,10,0,61,0,0,30,8,68,17,0,143,26,32,24,75,78,17,3,0,43,31,90,0,52,0,6,34,16,13,2,0,0, 
0,0,29,137,15,0,0,99,42,0,67,10,17,2,24,48,0,49,13,26,4,0,6,0,0,0,0,0,70,17,0,0,0,0,0, 
16,21,0,0,0,0,0,78,70,0,56,63,75,0,0,20,0,62,11,0,27,6,65,0,0,0,0,0,53,72,0,0,0,0,0, 
103,188,239,399,58,58,0,0,0,0,0,0,0,0,16,0,35,0,0,0,0,58,87,17,0,0,63,0,0,62,0,31,45,18,13, 
54,377,222,466,12,0,27,0,0,18,57,0,0,0,54,0,0,0,0,0,0,147,149,22,28,0,16,0,22,0,0,0,3,0,0, 
37,173,62,156,0,12,37,22,3,0,0,0,0,0,171,14,30,17,0,0,0,28,74,0,33,0,0,0,65,0,0,0,0,0,0, 
54,69,24,319,8,6,0,0,21,8,84,17,40,0,0,0,0,0,0,0,0,0,0,0,11,0,0,33,0,0,0,0,0,0,0, 
56,146,72,112,30,26,11,0,35,0,49,12,42,0,0,0,0,19,0,0,0,0,0,0,0,0,0,0,0,0,0,0,0,0,0, 
125,212,106,413,63,33,0,0,0,0,0,0,0,0,0,0,0,0,0,0,0,30,82,22,10,0,0,0,70,29,13,14,22,0,0, 
61,193,67,329,54,17,0,0,0,0,67,0,0,0,0,57,0,20,0,0,0,0,27,33,18,0,0,0,142,31,0,136,7,0,0, 
170,118,93,75,0,0,0,0,0,0,44,0,16,0,53,34,0,37,0,0,0,0,0,0,47,21,0,0,34,0,0,0,0,0,0, 
20,313,21,242,66,0,0,64,0,0,36,27,0,0,27,0,0,0,10,0,0,17,2,0,0,0,0,0,0,0,0,0,0,0,0, 
68,331,17,60,54,0,0,52,76,4,43,11,0,0,0,0,0,0,0,0,0,14,0,0,14,0,0,0,0,0,0,0,14,0,0, 
48,21,144,135,0,0,0,0,0,0,0,0,0,0,0,0,0,0,0,0,0,0,0,0,0,0,0,0,0,0,0,0,0,0,0, 
16,111,38,8,0,0,0,0,0,0,0,0,0,0,0,0,0,44,0,0,0,0,0,0,0,0,0,0,0,0,0,0,0,0,0, 
11,276,54,176,0,0,18,0,0,0,0,0,0,0,0,0,0,0,0,0,0,0,0,0,0,0,0,17,0,0,0,0,0,0,0, 
36,167,16,115,38,0,0,0,0,0,0,0,0,0,0,0,0,0,0,0,0,0,0,0,0,0,0,0,0,0,0,0,0,0,0, 
4,37,19,0,20,0,0,0,0,0,0,0,0,0,0,0,0,0,0,0,0,0,0,0,0,0,0,0,0,0,0,0,0,0,0, 
0,51,113,95,0,0,0,0,0,0,0,0,0,0,0,0,0,0,0,0,0,0,0,0,0,0,0,0,0,0,0,0,0,0,0, 
0,24,13,18,0,0,0,0,0,0,0,0,0,0,0,0,0,0,0,0,0,0,0,0,0,0,0,0,0,0,0,0,0,0,0, 
8,60,66,59,9,2,0,0,0,0,0,0,0,0,0,0,0,0,0,0,0,0,0,0,0,0,0,0,0,0,0,0,0,0,0, 
24,53,50,83,0,0,0,0,0,0,0,0,0,0,0,0,0,0,0,0,0,0,0,0,0,0,0,0,0,0,0,0,0,0,0, 
29,10,15,22,0,0,0,0,0,0,0,0,0,0,0,0,0,0,0,0,0,0,0,0,0,0,0,0,0,0,0,0,0,0,0, 
0,15,0,38,0,0,0,0,0,0,0,0,0,0,0,0,0,0,0,0,0,0,0,0,0,0,0,0,0,0,0,11,5,0,0, 
0,0,36,10,0,0,0,0,0,0,0,0,0,0,0,0,0,0,0,0,0,0,0,0,0,0,0,0,0,0,0,0,0,0,0, 
0,0,0,17,0,0,0,0,0,0,0,0,0,0,0,0,0,0,0,0,0,0,0,0,0,0,0,0,0,0,0,0,0,0,0, 
0,0,0,0,0,0,0,0,0,0,0,0,0,0,0,0,0,0,0,0,0,0,0,0,0,0,0,0,0,0,0,0,0,0,0, 
0,17,0,0,0,0,17,0,0,0,0,0,0,0,0,0,0,0,0,0,0,0,0,0,0,0,0,0,0,0,0,0,0,0,0, 
0,22,0,0,6,0,0,0,0,0,0,0,0,0,0,0,0,0,0,0,0,0,0,0,0,0,0,0,0,0,35,0,0,0,0, 
0,16,0,0,0,0,0,0,0,0,0,0,0,0,0,0,0,0,0,0,0,0,0,0,0,0,0,0,0,0,0,0,0,0,0, 
0,0,14,0,0,0,0,0,0,0,0,0,0,0,0,0,0,0,0,0,0,0,0,0,0,0,0,0,0,0,0,0,0,0,0, 
0,0,0,0,0,0,0,0,0,0,0,0,0,0,0,0,0,0,0,0,0,0,0,0,0,0,0,0,0,0,0,0,0,0,0, 
0,0,0,18,0,0,0,0,23,0,0,0,0,0,0,0,0,0,0,0,0,0,0,0,0,0,0,0,0,0,0,0,0,0,0, 
172,599,315,315,0,27,0,0,0,0,0,0,0,0,0,0,0,0,0,0,0,0,0,0,0,0,0,0,0,0,0,6,0,55,0, 
150,583,315,367,58,0,0,0,0,12,0,0,0,0,0,0,0,0,0,0,0,0,0,0,0,0,0,0,0,0,0,17,0,0,0, 
329,438,160,475,16,0,0,0,0,0,13,0,0,0,0,0,0,0,0,0,0,0,0,0,0,0,0,0,0,0,0,0,0,0,0, 
131,269,239,420,46,0,0,0,26,0,0,0,0,0,0,0,0,0,0,0,0,0,0,0,0,0,0,0,0,0,0,0,0,0,0, 
266,213,107,211,33,0,10,0,0,0,0,0,20,0,0,0,0,0,0,0,0,0,12,0,0,0,0,0,0,0,0,0,0,0,0, 
122,392,240,774,71,59,24,0,0,0,0,0,0,0,0,99,0,0,0,0,0,0,0,0,0,0,0,0,0,0,0,0,0,0,0, 
97,430,269,583,36,0,0,0,0,0,0,0,0,0,0,0,0,0,0,0,0,0,0,0,0,7,0,0,0,0,0,0,0,0,0, 
188,267,334,460,9,9,0,0,0,0,0,0,0,0,0,0,0,0,0,0,0,0,0,0,0,0,0,0,0,0,0,0,0,0,0, 
204,368,145,549,15,11,0,0,0,0,0,0,0,0,0,0,0,0,0,0,0,0,0,0,0,0,0,0,0,0,0,0,0,0,0, 
438,357,143,208,42,0,0,0,4,0,0,0,0,0,0,0,0,0,0,0,0,0,0,0,0,0,0,0,0,0,0,0,0,0,0 
*****