2010 Education by occupation in Ohio, race/ethnicity, and gender for age 25+, wgtd 2008-12 ACS, SSDAN/U-Mich
5
AgeEduc,RaceEth,Gender,EducAll,Occup
5,7,2,7,6
25-34,35-44,45-54,55-64,65+
NhWhite,Black,Asian,Hispanic,AmIndian,NHOther,NHMulti
Male,Female
0-9Yrs,10-12Yrs,HSGrad,SomeColl,CollGrad,Masters,PhD-Prof
TopWC,OtherWC,Service,TopBC,OtherBC,Farm
1087,847,1527,3721,3903,301,1285,3387,4891,9553,9392,452,9547,26811,24855,46220,57497,1574,23928,48303,30214,35557,33185,889,57142,37033,10002,4675,4401,550,20489,5016,650,364,344,5,10030,616,270,124,177,50, 
248,2777,3053,187,1532,125,985,6034,8492,347,2732,108,8655,45273,38032,2189,13831,701,34802,85470,51094,2149,9850,993,71806,43648,10908,473,1694,448,36766,8398,1019,13,200,0,10501,799,242,0,42,0, 
65,396,793,450,739,28,262,1188,3030,925,3180,40,838,3882,6733,3394,8051,35,3058,9062,7115,2459,7657,29,4046,2878,998,195,884,0,1135,294,19,0,70,0,433,0,49,0,0,0, 
14,583,879,0,276,22,157,2270,4392,120,1089,0,1111,7077,9041,268,3044,54,5090,18228,13607,357,2780,0,5273,5075,1463,6,177,0,2476,803,182,0,25,0,520,57,26,0,0,0, 
0,51,127,0,138,0,0,60,136,75,95,0,213,229,523,154,195,0,425,417,753,157,341,0,5050,1211,330,135,224,0,3729,768,143,13,99,0,2231,0,19,0,76,0, 
0,115,232,0,179,0,0,64,140,0,202,0,212,281,558,0,88,0,570,799,868,10,290,0,3390,1182,639,29,248,0,3453,736,29,0,0,0,1799,45,0,0,0,0, 
162,215,2568,1296,1394,573,107,141,616,725,730,65,189,731,2177,2403,2718,283,924,1878,1386,897,1085,28,1644,555,290,147,218,0,617,132,0,31,20,0,558,42,0,0,57,0, 
125,123,1176,48,435,151,80,369,663,0,633,140,577,1713,1445,223,1282,239,1176,3630,2124,122,590,19,1551,1026,262,5,35,0,480,342,0,13,0,0,547,67,32,0,0,0, 
0,0,74,0,30,0,20,76,80,112,124,0,47,86,93,206,112,20,0,58,68,26,144,0,65,8,0,0,0,0,8,0,0,0,0,0,0,0,0,0,0,0, 
0,0,0,0,27,0,0,33,9,0,0,23,0,169,80,44,80,0,193,288,145,0,0,0,30,86,0,0,0,0,10,0,0,0,0,0,0,0,0,0,0,0, 
0,0,0,0,0,0,0,0,0,0,2,0,23,0,58,72,97,0,0,46,19,19,47,0,234,15,0,0,0,0,219,0,0,60,0,0,38,0,0,0,0,0, 
0,0,0,0,0,0,0,0,0,0,19,0,0,17,52,0,0,0,48,305,78,0,112,0,68,48,19,0,0,0,102,43,0,0,0,0,160,0,3,0,0,0, 
16,37,40,16,107,0,0,91,312,275,291,16,124,294,772,563,700,0,360,999,931,421,714,0,801,546,48,46,54,0,347,58,9,9,0,0,220,11,0,0,39,0, 
6,11,73,0,22,0,14,182,156,0,212,0,42,667,960,71,140,17,809,2006,1634,21,309,50,648,453,283,0,11,0,440,146,37,0,0,0,384,18,0,0,0,0, 
1158,774,1404,3451,4076,379,1138,2439,3600,10460,11631,356,15957,27882,22254,57803,68652,1531,32149,41497,21683,36916,33758,422,58827,33285,6463,4732,4670,304,28249,6870,1061,409,539,26,15085,1099,217,123,130,7, 
714,1728,2194,218,1442,46,506,5359,7492,364,3334,103,14305,65355,39699,3656,21592,1146,45361,91366,35683,2745,10940,613,62711,35338,7258,399,1493,406,39842,8389,1108,83,99,39,10747,918,222,13,101,22, 
58,164,449,280,637,28,204,778,2415,1121,2928,0,1107,3817,7331,4520,10714,36,3056,7209,5624,4098,7110,89,4114,3028,817,268,479,0,2123,599,45,53,0,0,911,48,67,11,30,0, 
16,216,842,15,230,0,154,1542,2899,20,1017,0,1431,6611,9753,282,3526,0,6433,17744,10608,346,3003,54,5120,4536,903,47,363,0,3665,1717,61,18,104,0,864,50,59,0,31,0, 
61,77,123,16,158,0,11,37,175,22,155,0,450,160,473,276,681,0,259,605,412,207,553,0,3061,831,157,59,185,0,2869,548,108,11,0,0,3057,142,22,0,0,0, 
0,120,484,107,98,0,0,147,177,0,159,0,46,318,940,107,539,0,762,664,568,28,308,98,2483,1083,232,45,175,47,1967,605,88,0,126,0,2065,83,87,0,0,0, 
77,236,1328,1617,977,350,10,170,394,366,692,39,228,561,1611,1989,2517,39,861,1471,1023,753,1006,35,1093,732,205,214,105,0,633,196,20,0,0,0,449,38,0,0,0,0, 
29,180,623,26,880,357,20,318,591,55,238,0,573,1486,968,56,1054,33,1146,2533,1447,105,727,90,1337,974,189,0,99,0,1185,249,0,0,0,0,237,94,46,0,0,0, 
0,8,0,0,0,19,0,37,17,20,68,0,24,181,21,317,312,11,31,95,58,176,136,0,45,22,26,0,46,0,28,0,0,24,12,0,44,0,34,0,0,0, 
0,11,16,0,0,0,0,0,15,0,14,0,6,310,58,20,24,0,115,182,61,32,0,0,198,44,22,0,0,0,56,16,0,0,0,0,97,0,0,0,0,0, 
0,0,0,0,0,0,0,0,0,0,0,0,0,43,11,24,19,0,45,42,59,96,0,0,162,26,0,0,32,0,141,3,0,0,0,0,58,0,0,0,0,0, 
0,0,21,0,4,0,0,17,0,0,41,0,0,0,13,0,0,0,136,84,25,0,12,0,0,54,21,0,0,0,65,12,0,0,0,0,74,0,0,0,0,0, 
38,59,16,11,42,0,26,87,109,129,118,18,205,354,466,668,678,0,293,769,430,539,269,14,491,362,100,15,107,0,400,101,60,37,0,0,368,52,0,0,0,0, 
0,104,0,0,24,0,0,57,161,0,37,0,181,575,477,58,303,16,586,1772,691,9,204,16,964,476,192,0,0,0,477,15,0,0,0,0,183,82,0,0,0,0, 
824,1301,1400,3855,6395,164,1480,3418,4423,12337,14910,397,22195,38623,27860,78473,88371,1212,37004,46189,20878,39018,33683,682,58441,34974,5555,4767,5425,276,28468,7883,897,597,732,61,18952,1450,178,117,148,0, 
515,1678,3276,466,2581,67,941,7020,9253,721,5017,164,22729,104876,56207,4524,35187,1050,53964,108707,30713,3019,11935,597,61127,34472,5362,761,2066,334,38762,8629,855,25,152,4,10494,1246,423,0,21,9, 
50,202,865,268,930,16,41,777,2214,1338,2864,21,1498,4233,6858,4949,12067,46,2472,5461,5519,3764,6736,0,2936,2305,682,300,582,0,1288,723,83,46,202,14,847,112,35,37,29,0, 
30,473,898,33,395,0,161,1106,3138,96,1567,0,1696,7419,10156,465,4472,67,5883,16924,8858,580,3830,0,4958,3990,792,196,416,0,3498,1483,132,30,99,0,1266,119,29,0,0,0, 
54,112,195,36,167,0,0,64,153,54,154,0,190,231,389,258,426,0,241,438,315,289,322,0,1558,620,187,60,442,0,1589,194,6,0,0,0,2466,366,0,0,0,28, 
0,33,164,0,299,0,11,124,345,36,176,0,101,611,725,104,623,10,264,792,361,58,406,0,1477,1038,95,25,73,21,1053,227,35,0,17,0,1069,122,65,0,23,0, 
43,58,533,548,518,164,26,37,381,387,513,3,449,439,888,1156,1776,10,459,878,421,839,656,51,656,516,208,14,126,0,610,107,0,20,8,0,523,32,0,0,0,0, 
32,81,350,39,342,79,15,248,220,20,353,26,453,1408,997,24,847,16,674,2074,677,63,307,0,768,645,91,42,59,0,545,130,15,50,0,0,287,68,0,0,0,0, 
0,0,0,100,17,0,20,17,34,18,40,10,71,126,57,191,55,0,57,173,114,156,94,0,180,19,33,0,0,0,19,0,0,0,0,0,107,0,0,25,0,0, 
0,0,26,0,0,0,0,88,191,0,32,0,74,240,234,12,107,5,83,290,73,0,38,0,160,88,3,0,67,0,24,11,0,0,0,0,0,24,0,0,0,0, 
0,0,0,0,0,0,0,0,0,0,15,0,0,188,0,14,0,0,39,17,11,23,28,0,41,38,16,0,0,0,66,0,0,0,0,0,30,0,0,0,0,0, 
0,0,27,0,0,0,0,0,0,0,18,0,10,4,0,0,30,0,0,104,90,0,9,0,60,4,0,20,0,0,0,0,0,0,0,0,54,0,0,0,0,0, 
0,0,31,79,8,0,84,69,122,125,158,0,383,161,334,548,838,15,351,519,325,464,227,0,331,504,61,64,170,23,219,115,0,0,6,0,214,0,0,0,0,0, 
40,86,24,0,16,0,0,47,173,13,38,0,130,763,331,19,190,26,539,1033,609,21,167,0,789,339,52,0,25,0,219,52,35,0,0,0,151,0,0,0,0,0, 
641,1371,1654,3599,5563,144,1174,2195,2965,6779,9364,347,14554,28211,19780,47994,63396,1047,29113,37602,15386,29934,28906,366,46209,28628,5148,4614,5947,254,28024,10147,1212,1128,1103,111,22241,2815,468,186,236,39, 
282,1840,3060,183,2400,101,558,5188,7069,435,3370,129,16121,96846,39591,3135,24530,661,38972,81848,18819,1741,7184,337,42648,25116,3706,471,1033,273,37334,8744,1115,67,347,128,8008,1152,149,42,19,0, 
69,30,391,195,733,0,34,501,858,668,1946,23,448,2274,4106,3105,6248,24,1525,3985,3037,2080,4788,0,1562,1645,620,227,397,0,1361,417,34,28,98,0,768,173,29,5,0,0, 
64,88,830,0,442,0,159,663,2141,74,826,0,1190,6885,5755,213,2520,121,3947,10786,4146,215,1599,23,3091,2960,354,53,185,0,3109,1490,101,0,25,0,689,66,113,0,0,0, 
81,0,143,13,157,0,0,112,71,16,102,0,120,27,302,87,441,0,227,199,177,100,304,0,792,266,148,115,247,0,520,259,43,22,81,0,1247,107,69,0,0,0, 
36,71,330,17,221,57,60,148,170,0,124,0,177,252,304,0,292,0,204,552,221,9,139,0,602,646,345,0,179,0,545,224,54,0,0,0,417,25,59,0,0,0, 
12,21,178,382,643,152,12,134,137,154,253,0,89,303,299,503,990,20,276,271,255,188,442,0,332,120,54,98,26,0,163,82,0,0,0,0,240,0,18,0,18,0, 
13,38,296,10,313,0,0,109,280,19,136,14,197,720,796,21,433,42,274,811,336,55,202,0,448,248,93,0,45,0,242,88,0,0,77,0,132,36,0,0,0,0, 
18,51,47,0,0,0,0,0,23,20,0,0,0,73,67,204,78,0,7,6,11,86,50,0,26,49,0,0,46,0,14,0,0,0,0,0,5,0,0,0,0,0, 
0,0,42,0,0,0,0,15,0,0,50,0,82,153,189,14,97,0,9,129,32,0,52,0,18,63,52,0,0,0,27,24,0,0,0,0,26,0,0,0,0,0, 
0,0,15,0,0,0,0,0,0,0,0,0,17,18,15,15,0,0,29,12,7,0,14,0,21,34,0,20,0,0,0,3,0,0,20,0,15,0,0,0,0,0, 
0,0,0,0,0,0,0,13,0,0,0,0,0,0,53,0,0,0,90,69,15,0,0,0,0,0,0,0,0,0,0,17,0,0,0,0,0,0,0,0,0,0, 
0,0,4,49,2,0,17,0,13,29,64,0,65,156,160,239,430,0,141,261,106,330,180,0,93,258,41,20,0,0,152,75,47,0,0,0,131,16,0,15,0,0, 
0,11,21,0,0,0,16,68,25,2,19,0,32,402,362,0,100,0,253,662,183,27,38,0,406,200,15,0,40,0,194,55,19,0,0,0,57,45,35,0,0,0, 
591,1148,2230,2380,4315,231,906,1975,2760,3178,4609,257,9162,15084,12829,14144,22807,798,11660,17024,7099,6547,9666,333,15283,10953,2789,1388,2557,108,9858,4822,1096,608,882,55,12282,1967,113,111,220,4, 
201,1372,3184,284,1407,15,549,4587,4953,368,2047,86,6471,46452,18635,1289,7448,420,11508,29951,6631,411,1757,160,11375,8784,1266,76,418,50,9433,3731,674,18,127,15,2648,584,264,0,16,0, 
36,92,382,204,303,0,32,239,918,198,637,23,297,1014,1528,746,1707,0,435,1157,911,492,856,15,736,383,363,134,133,0,372,203,29,0,85,0,484,31,31,15,99,0, 
6,170,878,131,109,0,31,317,1356,46,327,0,475,2422,2379,87,937,0,1253,3176,1784,0,249,0,1054,605,177,0,19,0,805,305,116,0,0,0,173,79,0,0,0,0, 
22,9,24,0,52,0,21,0,107,32,7,0,16,77,100,63,92,0,24,49,17,17,95,0,175,119,37,0,46,0,459,131,0,0,0,0,1024,37,20,0,24,0, 
0,98,207,28,108,0,0,0,64,0,49,0,14,93,104,0,125,10,22,110,90,21,25,0,322,176,27,0,0,0,114,40,0,0,0,0,253,13,53,0,10,0, 
18,0,45,152,175,39,0,65,71,21,137,0,20,65,120,85,286,38,80,53,70,30,123,0,107,14,36,0,23,0,58,25,0,0,13,0,186,25,41,0,0,0, 
17,96,135,0,64,0,17,96,90,0,30,0,26,133,181,22,155,0,54,162,30,0,89,0,12,41,11,0,0,0,98,32,0,0,0,0,31,0,42,0,0,0, 
0,0,0,0,72,0,0,0,0,0,0,0,25,0,76,0,108,0,39,26,0,0,59,0,0,0,0,22,0,0,0,0,0,0,0,0,0,0,0,0,0,0, 
0,0,25,0,0,0,0,0,12,0,0,0,0,0,47,0,11,0,0,0,40,0,0,0,13,24,14,0,0,0,0,0,0,0,0,0,0,0,0,0,0,0, 
0,0,0,0,12,0,0,0,24,0,0,0,0,0,0,0,0,0,0,0,0,15,21,0,0,0,0,0,0,0,15,0,0,3,0,0,15,0,0,0,0,0, 
0,0,0,0,0,0,0,0,0,0,0,0,0,0,34,0,0,0,0,13,0,0,0,0,0,0,0,0,0,0,0,0,0,0,0,0,0,0,0,0,0,0, 
0,0,68,15,74,0,14,58,32,14,25,0,17,23,149,83,83,0,58,184,62,60,112,0,45,87,95,0,0,0,8,0,0,28,3,0,134,31,0,0,0,0, 
0,54,62,0,27,0,16,86,51,0,61,0,0,102,138,0,81,0,49,191,152,0,53,0,59,67,0,0,0,0,118,16,0,0,0,0,64,81,13,0,0,0 
*****