2010 Education by Immigration status in Mississippi, race/ethnicity, gender, age 25+, wgtd 2008-12 ACS, SSDAN/U-Mich
5
RaceEth,Gender,AgeEduc,Immentry,EducAll
7,2,5,5,7
NhWhite, Black, Asian, Hispanic, AmIndian, NHOther,NHMulti
Male, Female
25-34,35-44,45-54,55-64,65+
Native,FB<1980,FB80-89,FB90-99,FB00-Current
0-9Yrs,10-12Yrs,HSGrad,SomeColl,CollGrad,Masters,PhD-Prof
9404,24055,13891,48173,4263,1531,530,0,0,0,11,0,0,0,0,0,0,0,0,0,0,0,16,0,10,13,0,0,235,57,89,86,57,27,94, 
9056,30581,13588,47106,5375,2333,1207,76,0,22,116,0,0,0,0,0,3,21,0,0,19,27,83,0,188,0,146,60,23,56,19,207,18,8,19, 
13343,37804,17037,47557,5198,2461,1657,0,15,0,285,27,0,11,90,0,18,17,16,0,0,0,52,0,65,0,14,15,0,72,0,59,58,14,32, 
11530,28347,15080,44472,6601,3293,1748,0,139,72,275,25,4,21,0,30,5,25,21,0,14,0,0,0,8,0,29,32,0,0,0,0,40,0,0, 
19126,37041,14853,36630,7203,3570,2651,15,168,67,311,28,27,17,0,0,0,36,0,0,27,0,14,0,19,6,10,17,0,13,0,19,0,0,0, 
6923,18712,11085,55224,7002,1471,685,0,0,0,35,0,0,0,0,0,0,38,0,0,0,0,95,22,89,0,6,0,121,39,27,205,44,0,24, 
6170,22696,13587,54725,7496,2306,920,0,17,28,30,25,0,13,34,12,20,26,0,0,0,55,21,0,69,20,13,16,0,35,28,137,28,83,0, 
7662,32144,17564,58200,8163,1307,566,54,69,24,79,62,0,0,0,34,10,94,46,0,10,0,101,0,56,14,0,15,0,61,14,150,64,0,15, 
8694,35819,17477,43254,9612,1116,955,0,291,72,253,14,22,19,0,0,37,51,23,0,0,0,32,0,87,55,0,30,0,5,25,0,7,0,0, 
25047,68360,18186,39934,6742,804,788,268,653,216,514,52,0,0,15,27,0,18,0,0,0,38,0,0,18,0,0,0,0,0,0,24,0,0,0, 
7920,29022,8546,23391,1301,243,149,0,0,0,0,0,0,0,13,0,0,0,0,0,0,0,0,18,57,0,0,0,33,28,47,172,60,0,37, 
5557,28503,7187,19673,1067,299,49,0,0,0,0,0,0,0,0,0,15,26,46,0,0,0,26,14,16,37,0,0,0,75,0,13,21,16,0, 
10981,29819,6499,17829,772,205,191,9,0,0,24,0,0,14,0,0,0,20,0,30,16,10,0,0,145,0,0,21,11,0,0,79,44,0,0, 
11649,19068,3591,14024,1461,232,329,0,0,0,37,13,99,12,0,0,0,0,15,0,0,0,14,0,0,0,0,0,8,0,0,0,0,0,2, 
17742,9538,1677,5456,1553,269,344,15,4,18,0,0,0,35,0,0,0,0,0,0,0,0,0,0,0,0,0,0,0,0,0,0,0,0,0, 
5086,22382,8001,41504,3963,716,185,0,0,0,0,0,0,0,0,0,0,0,0,0,0,0,44,0,50,8,0,0,0,30,0,49,14,0,0, 
4532,25301,8163,33365,4475,562,161,0,0,0,0,0,0,0,0,0,0,0,0,0,0,0,0,35,110,0,0,0,0,15,0,43,17,11,0, 
7841,27427,9018,30450,2978,246,307,0,0,0,0,0,0,0,0,0,0,0,19,18,0,15,32,0,0,0,0,18,11,10,0,0,28,0,0, 
9705,19481,6543,18787,3519,396,454,0,17,0,0,0,0,0,0,0,0,0,0,0,0,0,0,0,0,0,0,0,4,0,0,0,0,0,0, 
25936,15378,3620,8284,3051,229,252,24,0,0,18,0,0,0,12,0,0,0,0,0,0,0,0,0,0,0,0,0,0,0,0,0,0,0,0, 
19,80,91,237,40,0,0,0,0,21,0,13,0,0,118,33,2,182,0,0,0,255,145,0,188,3,0,30,43,86,17,274,384,23,0, 
29,47,22,136,0,0,10,24,80,38,0,5,0,16,124,65,1,116,24,0,0,127,116,0,110,107,40,31,0,44,0,265,62,0,114, 
0,3,0,56,0,0,0,77,40,0,96,0,0,0,218,100,0,81,134,0,39,56,172,29,21,43,43,43,49,31,11,203,107,21,57, 
0,2,0,106,0,19,0,65,8,0,143,89,23,61,51,34,0,38,29,5,7,61,54,0,20,0,14,30,94,0,0,7,13,0,0, 
0,50,1,29,0,0,0,49,96,0,49,0,0,61,147,42,0,95,0,36,20,59,4,16,6,0,0,0,0,12,0,0,0,0,0, 
0,70,89,258,0,43,0,0,0,0,0,0,0,0,0,2,0,161,0,0,0,97,27,32,207,57,0,0,46,441,85,530,106,59,60, 
0,39,20,331,0,15,10,0,91,71,163,0,7,33,36,122,0,93,58,0,0,124,132,0,231,35,13,34,207,76,0,312,152,0,21, 
0,43,28,53,3,0,0,123,115,0,174,31,0,0,105,211,11,193,0,13,0,41,100,0,177,20,58,20,2,70,74,411,13,0,42, 
16,33,15,50,0,0,0,115,318,95,284,57,15,0,68,68,0,101,33,0,0,166,39,0,65,0,0,8,18,28,0,8,11,0,0, 
97,69,2,50,25,0,0,281,242,0,51,16,37,26,59,0,0,0,12,0,0,0,38,10,0,28,0,0,0,12,0,0,0,0,0, 
451,1039,376,1080,73,10,46,0,0,0,0,0,0,0,30,80,31,92,0,0,0,980,651,300,345,0,0,0,2557,1666,108,583,49,117,15, 
451,573,341,662,0,17,12,40,0,0,0,0,0,0,578,194,37,52,0,25,0,777,288,125,115,20,56,0,1035,422,36,219,60,95,19, 
368,370,47,349,21,58,9,360,73,0,83,0,0,0,188,157,0,24,65,0,9,191,186,55,132,0,0,0,288,85,25,90,0,0,0, 
203,198,76,354,84,38,7,157,32,3,42,14,18,0,144,0,0,133,11,0,0,148,17,14,0,0,0,0,100,55,18,48,0,0,0, 
88,191,144,221,0,0,9,42,41,14,66,9,9,0,0,0,0,0,0,17,0,103,0,25,0,6,0,0,8,0,0,0,0,0,0, 
326,397,308,1328,46,25,30,0,0,10,0,9,0,0,21,0,0,21,0,0,0,415,369,42,97,0,0,0,1355,543,68,725,39,10,0, 
158,318,241,970,106,0,21,0,13,39,43,31,0,0,135,73,39,62,0,0,0,256,248,49,53,0,0,23,574,339,64,124,144,52,0, 
189,467,115,493,69,107,4,41,0,41,0,0,0,0,75,94,12,14,0,0,0,163,418,0,0,0,0,3,316,42,0,80,20,0,0, 
122,246,107,241,56,0,0,101,61,4,67,0,8,0,3,0,0,24,0,0,0,14,54,0,34,0,0,0,98,33,54,17,0,0,0, 
161,282,84,170,7,0,0,124,76,25,105,32,0,14,13,0,15,0,0,0,0,6,0,0,34,0,0,0,43,15,0,0,0,0,0, 
100,449,81,276,0,19,0,0,0,0,0,0,0,0,0,0,0,0,0,0,0,12,30,0,13,0,0,0,31,0,0,0,0,0,0, 
224,220,192,373,0,18,0,0,0,0,0,0,0,0,20,0,0,0,0,0,0,0,0,0,0,0,0,0,27,0,0,0,0,0,0, 
144,389,106,109,38,0,0,0,0,0,0,0,0,0,0,0,0,0,0,0,0,0,0,0,0,0,0,0,0,0,0,0,0,0,0, 
94,146,132,165,3,14,0,0,0,0,0,0,0,0,0,0,0,0,0,0,0,0,0,7,0,0,0,46,0,0,0,0,0,0,0, 
14,86,60,112,0,0,0,0,0,0,0,0,0,0,0,0,0,0,0,0,0,0,0,0,0,0,0,0,0,0,0,0,0,0,0, 
108,164,93,518,41,0,0,0,0,0,0,0,0,0,0,0,0,0,0,0,0,0,0,0,5,0,0,0,28,0,0,0,0,0,0, 
133,177,89,481,105,0,0,0,0,0,0,0,0,0,0,0,0,0,0,0,0,0,26,0,0,0,0,0,14,0,0,0,0,0,0, 
171,289,129,330,114,0,0,0,0,0,0,0,0,0,0,0,0,0,0,0,0,0,0,0,20,0,0,0,0,0,0,0,0,0,0, 
80,207,225,313,11,8,0,0,0,0,0,0,0,0,0,0,0,0,0,0,0,0,0,0,0,0,0,0,0,0,0,0,0,0,0, 
148,166,43,111,0,0,0,0,0,0,0,0,0,0,0,0,0,0,0,0,0,0,0,0,0,0,0,0,0,0,0,0,0,0,0, 
0,22,0,28,0,0,0,0,0,0,0,0,0,0,0,0,0,0,0,0,0,0,0,0,0,0,0,0,0,80,0,38,0,0,0, 
0,36,0,81,0,0,0,0,0,0,0,0,0,13,0,0,0,0,0,0,0,0,0,0,0,0,0,0,0,0,0,0,0,0,0, 
0,0,94,20,0,15,0,0,7,0,0,0,0,0,0,0,0,0,0,0,0,0,0,0,0,0,0,0,0,21,0,0,0,0,0, 
130,11,0,0,15,0,0,0,0,0,0,0,0,0,0,0,0,0,0,0,0,0,0,0,0,0,0,0,0,0,0,0,0,0,0, 
0,0,0,0,0,0,0,0,0,0,0,0,0,0,0,0,0,0,0,0,0,0,0,0,0,0,0,0,0,0,0,0,0,0,0, 
0,34,0,93,0,0,0,0,0,0,0,0,0,0,0,0,0,0,0,0,0,45,0,20,0,0,0,0,0,19,0,19,0,0,0, 
0,0,0,76,0,0,0,0,0,0,0,0,0,0,0,0,0,0,0,0,0,0,0,0,0,0,0,0,0,13,0,0,0,0,0, 
0,8,22,65,0,0,0,0,0,0,0,0,0,0,0,0,0,0,0,0,0,0,0,0,0,0,0,0,43,0,0,0,0,0,0, 
0,0,0,38,0,0,17,0,0,0,0,0,0,0,0,0,0,0,0,0,0,0,0,0,0,0,0,0,0,14,0,0,0,0,0, 
6,6,0,18,0,0,0,0,0,0,0,0,0,0,0,0,0,0,0,0,0,0,0,0,0,0,0,0,0,0,0,0,0,0,0, 
113,293,123,493,59,0,0,0,0,0,0,0,0,0,0,0,0,0,0,0,0,0,56,0,0,0,0,0,14,0,0,0,0,0,0, 
143,42,239,450,0,21,0,0,11,0,7,0,0,0,0,0,0,0,0,0,0,0,22,0,8,0,0,0,0,0,0,0,0,0,0, 
40,204,316,455,51,0,24,62,0,0,0,0,0,0,0,0,0,13,0,0,0,0,0,0,0,0,0,0,0,24,0,0,0,0,0, 
160,125,121,258,20,13,10,0,0,0,0,0,0,0,0,0,0,0,0,0,0,0,0,0,0,0,0,0,0,0,0,0,0,0,0, 
161,105,8,252,17,33,12,0,0,0,0,8,0,0,0,0,0,0,0,0,0,0,0,0,0,0,0,0,0,0,0,0,0,0,0, 
14,145,167,807,0,0,0,0,0,0,0,0,0,0,0,0,16,0,0,0,0,0,0,0,0,0,0,0,0,0,0,7,0,0,0, 
50,246,142,549,47,0,31,0,0,0,0,0,0,0,0,0,0,0,0,0,0,0,0,0,0,0,0,0,0,0,0,0,0,0,0, 
47,149,231,740,93,0,0,0,0,0,0,0,0,0,0,0,0,0,0,0,0,0,0,0,0,0,0,0,0,0,0,0,0,0,0, 
167,113,258,364,28,25,0,0,0,0,11,0,0,0,0,0,0,0,0,0,0,0,0,0,0,0,0,0,0,11,0,0,0,0,0, 
291,304,212,264,32,0,0,0,19,19,0,0,0,15,0,0,0,30,0,0,0,0,0,0,0,0,0,0,0,0,0,0,0,0,0 
*****