2010 Education by Immigration status in New Mexico, race/ethnicity, gender, age 25+, wgtd 2008-12 ACS, SSDAN/U-Mich
5
RaceEth,Gender,AgeEduc,Immentry,EducAll
7,2,5,5,7
NhWhite, Black, Asian, Hispanic, AmIndian, NHOther,NHMulti
Male, Female
25-34,35-44,45-54,55-64,65+
Native,FB<1980,FB80-89,FB90-99,FB00-Current
0-9Yrs,10-12Yrs,HSGrad,SomeColl,CollGrad,Masters,PhD-Prof
1721,9860,6377,23670,2802,707,478,0,0,0,0,0,0,51,30,0,15,86,232,0,0,0,20,53,75,0,11,34,154,185,3,540,160,0,171, 
1292,8061,5417,23206,4993,1240,1331,15,30,35,57,44,0,27,0,64,17,219,0,0,12,8,69,25,125,57,0,113,0,150,79,373,96,35,84, 
1795,14958,7263,30788,5529,1366,2049,0,81,65,333,0,24,96,0,139,12,191,99,39,110,0,12,17,163,50,0,46,0,46,16,101,0,13,123, 
1510,11423,6714,33751,9240,2823,3177,69,48,42,326,101,157,58,82,97,49,111,27,54,15,0,15,0,95,43,0,0,0,16,14,23,30,24,0, 
4589,15433,8183,28171,9557,3496,4236,297,428,106,960,355,116,140,16,33,0,25,27,0,72,0,0,0,0,0,0,17,0,0,0,21,64,0,25, 
1244,5980,4651,25888,4088,896,417,0,0,0,0,0,0,0,0,0,50,147,0,0,0,0,41,0,141,23,20,15,146,273,66,382,213,34,55, 
825,6842,4159,25989,5692,958,988,0,0,8,66,38,0,0,10,30,0,61,15,10,13,0,9,84,248,74,43,40,0,83,0,213,38,19,133, 
1327,11977,8618,33779,7964,1574,1264,0,147,128,451,97,18,0,0,84,18,245,61,17,21,11,46,53,195,91,0,14,12,0,30,135,26,24,32, 
1162,13551,7144,35334,12012,1909,1872,0,381,154,670,182,48,20,77,71,0,40,53,43,32,0,15,2,116,36,0,34,14,0,0,69,0,32,0, 
4861,27663,9571,31993,8709,914,1919,329,1545,400,1621,331,53,54,56,31,22,127,12,0,0,16,0,0,74,36,0,0,0,51,0,83,21,71,0, 
266,738,328,1678,202,0,10,0,0,0,0,0,0,0,0,0,0,26,0,0,0,0,0,0,0,0,0,0,20,8,0,166,134,0,0, 
11,843,424,1585,269,0,0,0,0,0,0,0,0,0,21,2,0,0,0,0,31,0,50,0,36,37,0,0,15,66,0,46,0,0,0, 
116,698,212,1043,161,7,0,15,0,0,51,0,0,0,0,0,0,30,0,0,0,72,0,0,22,0,0,0,0,1,0,0,0,0,0, 
105,359,206,1005,174,45,7,0,15,0,29,25,0,0,0,0,0,0,0,0,0,0,0,0,0,0,0,0,0,0,0,63,0,0,0, 
304,332,102,608,88,2,25,19,48,0,55,12,0,0,0,0,0,19,0,0,0,0,0,0,0,0,0,0,0,11,0,0,0,0,0, 
141,413,337,1194,252,0,0,0,0,0,0,0,0,0,0,0,0,20,0,0,0,18,5,0,0,0,0,0,20,35,0,68,25,24,0, 
100,484,150,1179,113,60,72,0,0,0,0,0,0,0,0,0,0,60,0,0,0,42,0,0,56,91,0,0,0,0,0,150,0,0,0, 
145,807,216,790,76,60,31,0,0,0,0,0,0,0,0,0,0,30,0,0,0,0,0,0,0,0,0,0,0,0,0,64,0,0,0, 
73,456,259,666,108,0,45,0,10,0,28,4,0,0,0,0,0,67,0,0,0,0,0,0,0,0,0,0,0,63,0,0,0,0,0, 
229,663,225,597,164,13,0,0,21,14,9,0,0,0,17,0,0,13,0,0,0,0,0,0,0,0,0,0,0,61,0,0,0,0,0, 
0,172,83,477,110,0,0,0,0,0,0,39,0,0,0,0,29,147,28,5,0,0,23,47,195,0,0,10,56,0,104,223,551,0,173, 
25,70,0,225,18,0,0,5,6,11,36,4,0,37,0,23,0,162,81,0,19,58,71,0,274,0,0,169,45,68,0,100,160,79,90, 
50,41,0,81,145,40,30,0,32,0,101,49,30,58,65,136,16,189,14,0,80,83,43,57,51,0,99,12,0,47,30,103,0,0,57, 
0,62,20,170,88,0,0,27,40,21,106,37,20,52,25,35,26,41,0,9,30,16,43,37,134,0,0,0,14,16,0,37,0,0,0, 
35,55,45,96,65,0,56,29,15,0,110,103,12,77,33,18,0,69,16,0,0,33,35,0,21,0,0,0,0,0,0,54,0,0,0, 
0,51,45,466,56,70,0,0,0,0,45,0,0,0,0,0,0,135,0,0,23,0,71,0,180,21,12,0,110,101,7,519,188,22,74, 
0,29,0,191,134,65,37,15,22,31,98,26,32,15,0,22,0,170,27,29,0,191,141,7,340,72,50,60,88,96,36,532,45,44,46, 
47,47,157,153,22,17,28,0,20,18,185,63,39,0,115,93,63,296,50,22,14,16,231,0,311,114,29,33,0,64,80,278,38,16,0, 
0,4,21,135,41,26,0,129,146,37,448,76,0,17,49,32,49,239,43,12,25,81,66,20,141,0,0,0,0,141,17,59,0,0,0, 
33,38,41,80,68,0,0,151,287,71,230,128,0,43,89,37,23,67,0,0,0,90,5,0,0,0,0,0,29,0,0,40,0,0,0, 
5585,19176,6861,18245,796,196,25,74,213,11,89,64,19,0,513,1057,299,647,19,0,0,2375,2184,262,655,0,0,0,4245,2050,275,944,36,15,8, 
3536,14332,4691,16344,1087,312,108,363,319,254,261,46,0,0,3224,1107,270,512,51,15,0,3377,1788,416,614,13,0,36,2416,1312,196,731,138,23,49, 
3184,18053,5194,13848,1641,496,157,2492,892,559,672,42,103,0,3339,920,414,561,92,0,0,1643,356,148,355,65,0,13,1187,350,69,78,14,50,21, 
3232,11344,3496,11141,2197,468,328,3068,937,492,603,76,42,21,1416,154,77,128,39,0,44,598,185,60,104,0,0,0,515,130,0,36,0,0,0, 
8353,9725,3463,6834,1496,261,212,3915,344,88,504,32,16,55,1004,53,42,4,0,0,13,672,33,0,0,0,0,0,617,92,0,83,0,14,0, 
4121,14209,5162,25781,1911,398,132,44,77,21,185,14,0,0,269,957,326,792,31,16,0,2234,1403,448,659,59,6,0,2631,2175,512,1322,64,13,9, 
2209,11760,4119,20517,2370,277,250,495,797,177,857,97,0,0,1725,1120,340,689,59,14,0,3122,2170,482,918,145,20,41,1898,1597,228,579,81,22,52, 
2973,16270,6125,17412,2512,356,140,1303,750,356,501,91,22,0,2491,772,466,920,64,0,20,1986,712,120,311,60,25,18,1136,295,188,232,39,0,0, 
3877,14484,4579,9956,2170,275,333,2449,631,400,684,57,0,13,1235,302,88,74,0,18,0,930,171,101,56,0,0,0,1005,104,27,61,0,9,17, 
11882,14778,4425,6124,1175,139,85,3610,574,140,327,120,19,45,818,135,19,35,16,0,0,1078,158,0,28,25,0,0,725,237,0,54,0,0,0, 
1281,6024,1396,5039,139,69,19,0,0,0,0,0,0,0,0,0,0,0,0,0,0,19,0,0,0,0,0,0,15,0,0,0,0,0,0, 
1062,5350,710,4434,147,8,0,0,0,0,29,0,0,0,57,7,0,0,0,0,0,0,0,0,39,0,0,0,79,0,0,0,0,0,0, 
1709,5365,825,3211,257,66,5,0,0,0,0,0,0,0,61,0,0,0,0,0,0,7,0,0,0,0,0,0,0,0,0,0,0,0,0, 
1420,3061,345,2624,259,0,28,6,0,0,30,0,0,0,36,0,0,0,0,0,0,0,0,0,0,0,0,0,0,0,0,0,0,10,0, 
3014,1165,269,1206,165,14,117,74,3,0,0,0,0,0,0,0,0,0,0,0,0,0,0,0,0,0,0,0,0,0,0,0,0,0,0, 
803,4640,1504,6623,274,40,12,0,0,0,0,0,0,0,0,0,0,0,0,0,0,0,7,0,0,22,0,0,0,0,0,0,0,0,0, 
716,4301,1119,5408,538,175,0,0,0,24,0,0,0,0,54,0,0,0,0,0,0,0,0,0,37,0,0,0,0,24,0,0,0,0,0, 
1634,4419,979,5561,370,75,102,0,0,16,41,0,0,0,3,0,0,0,0,0,0,0,0,0,0,0,0,0,0,14,0,0,0,0,0, 
1150,3500,692,2950,408,2,22,0,9,0,0,0,0,0,15,0,0,0,0,0,0,8,0,0,0,0,0,0,0,0,0,0,0,0,0, 
4418,1815,757,1593,297,45,34,64,0,0,0,0,0,0,0,0,0,0,0,0,0,0,0,0,0,0,0,0,0,0,0,0,0,0,0, 
6,12,62,155,40,0,13,0,0,0,0,0,0,0,0,0,0,0,0,0,0,0,0,0,0,0,0,0,0,0,0,0,19,0,0, 
0,64,13,83,22,0,0,0,0,0,0,0,0,0,0,0,0,0,0,0,0,0,0,0,17,0,0,0,0,0,0,0,0,0,0, 
58,25,27,109,5,0,0,4,0,0,0,0,0,0,0,0,0,0,0,0,0,0,0,0,0,0,0,0,0,0,0,0,0,0,0, 
17,5,32,53,54,0,30,26,0,0,0,0,0,0,0,0,0,0,0,0,0,0,0,0,0,0,0,0,0,0,0,0,0,0,0, 
15,47,0,69,0,14,0,0,0,0,0,0,0,0,0,0,0,0,0,0,0,0,0,0,0,0,0,0,0,0,0,0,0,0,0, 
11,9,0,167,0,16,0,0,0,0,0,0,0,0,0,0,0,0,0,0,0,0,0,0,0,0,0,0,0,0,0,0,0,0,0, 
5,12,33,58,27,26,0,0,0,0,0,0,0,0,0,0,0,67,0,0,0,0,4,0,0,0,0,0,0,0,0,0,0,0,0, 
15,56,45,71,17,0,18,0,0,0,0,0,0,0,0,0,0,0,0,0,0,0,0,0,12,0,0,0,0,0,0,0,0,0,0, 
0,42,28,71,14,21,0,0,0,0,20,0,0,0,0,0,0,0,0,0,0,0,0,0,0,0,0,0,0,0,0,0,0,0,0, 
11,117,24,13,0,0,0,0,0,0,0,0,0,0,0,0,0,0,0,0,0,0,0,0,0,0,0,0,0,0,0,0,0,0,0, 
0,105,223,1103,52,7,0,0,0,0,0,0,0,0,0,0,0,25,0,0,0,0,0,0,0,0,8,0,0,0,0,47,0,0,0, 
53,327,155,647,108,15,17,0,0,0,78,0,0,0,0,0,0,0,0,0,0,0,0,0,0,0,0,0,0,0,0,0,35,0,0, 
49,137,216,474,426,52,16,0,0,0,0,0,0,0,0,24,0,25,0,0,0,50,0,0,0,0,0,0,0,0,0,0,0,0,0, 
117,166,96,375,111,53,35,0,0,0,0,0,0,11,13,1,0,0,0,0,0,0,0,0,0,0,0,0,0,0,0,0,0,0,0, 
26,221,81,245,34,18,0,0,0,0,0,24,0,0,0,0,0,0,0,0,0,0,0,0,0,0,0,0,0,0,0,0,0,0,0, 
21,232,126,1346,116,4,0,0,0,0,1,0,0,0,0,0,0,0,0,0,0,0,0,0,0,0,0,0,0,0,0,0,0,0,0, 
0,311,114,690,213,92,0,0,0,0,19,0,0,0,0,33,0,0,0,0,0,0,0,0,18,0,0,0,0,0,0,32,10,0,0, 
92,111,95,657,167,15,67,0,0,0,0,0,0,0,0,0,0,0,0,0,14,0,0,0,0,0,0,0,0,18,0,0,0,0,0, 
48,305,167,636,10,0,36,0,12,0,16,9,0,0,0,0,0,0,0,0,0,0,0,0,0,0,0,0,0,0,0,0,0,0,0, 
43,196,111,268,84,0,16,0,0,0,0,0,0,0,0,0,0,0,0,0,0,0,0,0,0,0,0,0,0,0,0,0,0,0,0 
*****