2010 Education by occupation in Oklahoma, race/ethnicity, and gender for age 25+, wgtd 2008-12 ACS, SSDAN/U-Mich
5
AgeEduc,RaceEth,Gender,EducAll,Occup
5,7,2,7,6
25-34,35-44,45-54,55-64,65+
NhWhite,Black,Asian,Hispanic,AmIndian,NHOther,NHMulti
Male,Female
0-9Yrs,10-12Yrs,HSGrad,SomeColl,CollGrad,Masters,PhD-Prof
TopWC,OtherWC,Service,TopBC,OtherBC,Farm
321,484,303,1871,1285,91,328,784,1788,4301,2429,253,3137,7537,7013,18033,13019,594,7936,14906,7408,12817,8511,276,14654,9834,2342,2688,1015,102,3646,1279,124,173,55,8,2510,262,40,0,20,0, 
271,1193,1472,81,76,36,194,2499,2948,287,430,32,3184,15473,11690,819,2290,148,10593,27135,12387,1237,2234,145,20421,12533,2833,102,364,199,5131,1955,222,50,67,21,2623,281,55,0,26,22, 
36,50,295,148,73,0,74,167,394,288,360,0,182,1151,1763,1104,1926,67,776,1469,1755,870,936,0,1179,575,459,199,95,0,92,119,143,0,0,0,199,18,0,0,0,0, 
0,467,125,0,15,0,21,596,507,81,124,0,443,1396,1609,14,523,0,1067,3916,1913,138,254,0,1085,1968,301,18,72,66,406,201,34,0,0,0,117,0,15,0,0,0, 
83,0,301,12,24,0,67,35,103,53,177,0,28,111,88,82,336,15,190,300,217,158,210,10,728,245,123,98,103,0,801,441,12,0,0,0,422,17,0,0,0,0, 
0,0,145,69,6,0,0,19,37,0,42,0,21,126,365,121,156,0,352,545,359,0,78,15,563,835,197,0,23,0,425,154,9,0,0,0,252,52,0,0,0,0, 
250,158,2285,5720,1505,255,132,225,801,1814,728,2,320,767,2166,3772,1843,135,694,1062,943,1808,562,5,553,471,134,236,60,0,220,54,0,40,0,13,120,0,0,35,15,0, 
56,545,2586,346,675,37,134,595,738,69,156,21,497,1860,2207,84,524,109,851,3146,1447,459,291,0,1014,507,349,0,0,0,166,78,64,0,0,0,43,0,0,0,0,0, 
30,15,126,277,135,18,27,73,232,630,518,59,288,656,1050,1674,1980,124,563,1495,1249,1503,1046,32,677,463,196,155,74,3,157,144,13,0,0,0,69,14,0,0,0,0, 
36,262,145,15,51,23,45,242,191,16,255,6,524,1890,1988,122,383,0,1129,3302,1632,46,443,8,1555,988,279,0,0,0,371,103,27,0,22,0,187,0,0,0,0,0, 
0,0,0,0,0,0,0,0,0,0,0,0,0,0,0,0,0,0,0,51,23,0,0,0,33,0,8,0,0,0,0,0,0,0,0,17,0,0,0,0,0,0, 
0,0,0,0,0,0,0,0,8,0,0,0,0,0,11,0,0,0,0,0,0,0,31,0,0,17,0,0,0,0,6,0,0,0,0,0,0,28,0,0,0,0, 
0,9,72,218,116,0,151,122,107,548,403,18,305,461,783,1618,1298,64,653,1083,1247,1088,1326,77,1028,962,253,55,78,21,113,67,29,0,47,0,174,98,0,0,0,0, 
24,154,133,0,45,0,72,372,354,57,23,12,226,1167,1060,145,206,49,1314,3367,2014,63,253,10,1295,896,351,58,4,19,398,297,9,0,0,0,145,0,0,0,0,0, 
293,223,564,1509,939,98,367,1284,885,3277,3341,166,4527,7837,5359,16326,12767,572,9561,14020,5771,10651,8702,634,12697,7472,1842,1734,1136,155,5409,1786,83,119,204,7,4116,309,23,7,32,27, 
53,673,1165,36,267,0,369,1925,1906,157,576,80,3789,18676,10014,710,2194,452,11937,26150,8395,808,1962,250,18364,9117,1769,236,243,25,7176,2014,231,28,14,0,2227,200,143,0,0,33, 
0,0,109,0,103,29,87,102,253,210,245,4,283,748,1323,1187,1656,125,604,1746,1013,1289,1437,47,737,636,388,191,93,0,229,180,23,0,69,0,12,0,0,0,0,0, 
46,63,183,0,0,0,0,363,267,0,61,0,297,1522,1522,0,544,18,1649,3254,1615,182,361,0,1569,679,203,19,0,0,583,383,29,48,0,0,115,34,0,0,0,0, 
12,133,61,0,66,0,15,24,13,10,137,0,62,167,180,98,198,0,45,170,582,237,286,0,899,354,90,86,54,0,393,90,0,98,0,0,597,25,0,0,0,0, 
57,0,242,0,99,8,0,25,241,0,194,0,108,361,302,151,230,0,185,321,274,73,120,0,907,315,247,0,29,0,375,226,71,0,10,0,193,5,0,0,0,0, 
148,201,1249,4222,1757,531,181,179,325,1018,441,135,211,597,1080,2004,1540,275,570,582,794,1277,1014,31,638,97,105,300,210,32,180,145,0,124,67,0,72,0,0,15,0,14, 
72,345,2241,106,1339,160,0,135,702,41,142,36,160,1468,1437,116,792,53,587,1841,874,75,473,31,449,655,15,0,108,37,256,29,14,0,17,0,72,0,0,0,0,0, 
38,0,245,217,59,17,25,115,148,518,530,24,244,705,944,1958,1592,200,871,829,789,1048,720,24,837,530,72,94,91,0,138,94,9,0,7,0,87,0,0,7,0,0, 
4,93,237,45,22,0,47,277,516,30,79,0,183,1996,1518,254,385,46,1324,2978,1389,28,337,6,1652,868,186,21,16,0,606,72,6,0,0,0,118,12,0,0,0,0, 
0,0,22,54,0,0,0,0,0,21,0,0,0,0,0,10,0,0,106,0,0,0,0,0,28,0,0,0,0,0,0,0,0,0,0,0,0,0,0,0,0,0, 
0,0,0,0,0,0,0,0,0,0,51,0,0,0,0,0,0,0,160,5,39,0,0,0,17,0,0,0,0,0,0,0,0,0,0,0,0,0,0,0,0,0, 
0,21,34,111,27,0,125,42,153,356,252,17,445,584,293,1352,1268,59,886,765,844,1063,820,58,1153,388,142,139,60,0,172,158,35,13,0,0,147,0,0,0,0,0, 
67,50,23,0,26,0,0,52,265,0,63,0,346,1083,758,46,285,50,926,2234,1493,70,147,14,1048,529,210,0,0,0,552,273,28,0,9,0,237,0,0,0,0,0, 
178,306,399,1598,1723,61,492,963,1452,4670,3100,89,6760,10590,5945,20769,15708,980,11845,13900,6134,13581,9134,587,13188,8308,1625,2218,1430,272,6567,1456,231,201,174,13,5516,504,68,22,32,0, 
267,1347,1180,171,529,42,215,1992,2768,162,860,62,5840,26172,11618,1586,4158,281,15127,30835,8896,1169,2585,256,19485,9100,1560,93,264,155,8505,2862,264,15,78,0,2283,317,35,0,0,0, 
13,4,35,104,4,0,41,63,300,285,242,81,275,1040,1151,1220,1991,115,742,1035,998,1070,1266,18,878,568,188,131,242,0,197,30,74,40,0,0,160,28,8,0,0,0, 
0,14,70,39,5,0,13,230,407,0,72,0,385,1236,1787,112,465,0,1190,2785,1858,0,562,0,899,819,291,0,16,0,730,262,77,0,0,0,218,40,0,0,0,0, 
23,0,145,0,161,0,0,0,64,60,66,0,121,143,103,80,355,7,100,93,223,180,159,0,471,96,18,44,72,0,186,49,0,0,0,0,300,0,0,0,0,0, 
32,14,86,0,68,23,36,0,175,13,227,0,36,411,555,35,272,0,41,220,84,25,0,0,412,266,63,0,0,0,177,0,12,0,0,0,299,0,0,0,0,0, 
419,332,575,2118,1481,676,68,102,377,387,174,0,318,421,526,1148,827,303,310,653,227,528,456,14,445,237,158,139,74,15,188,72,30,8,15,0,156,25,37,0,23,20, 
75,384,1469,236,707,62,56,256,446,11,159,0,106,520,803,85,141,47,439,935,638,33,93,0,493,467,217,0,13,0,255,39,0,0,0,0,128,0,47,0,0,0, 
36,19,58,87,235,3,107,148,237,751,365,68,504,628,801,1583,1539,100,572,1017,507,902,1014,18,818,222,113,134,65,27,195,204,80,4,0,0,165,69,0,0,0,0, 
9,117,159,40,89,15,71,282,482,65,90,6,562,1940,1679,150,401,8,910,2542,1290,212,259,26,1229,537,284,12,29,0,433,210,48,0,0,0,214,21,0,0,17,0, 
0,0,0,0,0,0,0,0,0,0,0,0,0,0,0,6,27,0,0,19,0,0,0,0,25,0,33,0,0,0,0,0,0,0,0,0,0,0,0,0,0,0, 
0,0,0,0,0,0,0,0,0,0,0,0,0,28,25,0,66,0,19,0,0,0,0,0,22,0,0,0,0,0,0,0,0,0,0,0,0,0,0,0,0,0, 
15,39,10,219,98,21,9,16,130,289,274,48,392,463,309,1119,1549,16,466,509,611,874,659,38,619,247,39,57,55,0,264,140,0,20,0,0,181,8,0,0,0,0, 
0,53,180,0,0,0,0,158,126,87,36,0,279,1712,643,13,382,10,848,1969,761,52,268,24,1009,377,75,50,7,31,342,90,4,0,39,0,179,20,0,0,0,0, 
415,128,393,849,903,47,518,498,467,2395,1838,108,4199,5980,3823,12506,11178,831,9792,11996,4628,10493,8419,421,13554,8577,1371,2136,1766,336,6721,2678,435,326,168,47,6370,744,206,43,0,0, 
156,692,1338,123,269,40,464,1793,2655,121,293,69,4970,22613,9909,680,2942,230,10439,24784,5207,880,1225,188,13286,7745,1029,194,214,74,9261,2815,364,7,132,44,2401,464,33,2,20,0, 
0,28,52,47,100,16,0,18,119,217,228,40,141,161,448,354,1029,0,268,641,599,395,526,28,390,330,127,202,66,0,452,78,32,0,29,0,133,0,0,0,0,0, 
0,152,55,0,109,0,76,96,545,0,68,0,140,1071,1054,88,349,0,698,1794,887,91,260,0,824,670,34,10,0,0,611,202,52,0,0,0,171,0,0,0,0,0, 
22,0,78,38,37,12,0,18,35,18,134,0,24,144,77,196,182,0,0,33,17,79,142,16,113,109,28,51,32,0,484,44,0,0,37,0,335,0,0,0,0,0, 
51,108,259,0,218,13,14,15,99,17,97,0,145,115,225,0,294,21,97,255,20,52,163,0,289,258,20,0,20,0,91,44,0,0,0,0,67,0,0,0,0,0, 
66,247,599,914,724,210,0,48,0,175,84,0,47,182,106,662,240,35,137,266,151,295,188,26,176,39,0,24,19,0,85,18,27,0,0,0,71,0,0,0,0,0, 
11,105,837,94,346,41,68,33,80,39,11,0,30,509,281,30,168,0,221,530,143,24,59,0,339,187,69,0,0,0,132,74,0,0,0,0,32,0,0,0,0,0, 
0,13,48,37,139,49,22,81,242,210,190,8,185,378,230,666,810,17,521,804,444,774,696,12,576,431,89,69,49,0,289,94,38,10,0,0,170,7,0,0,0,0, 
150,6,137,0,0,0,0,142,98,12,112,0,243,1308,1257,90,118,23,1082,1486,785,92,184,0,485,526,93,0,15,0,420,322,35,0,15,0,140,0,0,0,0,0, 
0,0,0,0,0,0,0,0,0,0,0,0,0,33,0,6,0,0,0,28,0,0,6,0,0,0,0,0,0,0,0,0,0,0,0,0,15,0,0,0,0,0, 
0,0,0,0,0,0,0,0,25,0,0,0,0,0,0,0,0,0,0,29,0,0,0,0,0,0,0,0,0,0,15,0,0,0,0,0,0,0,0,0,0,0, 
8,76,29,103,67,0,38,46,92,39,121,0,275,223,148,672,551,10,311,311,272,493,481,9,500,330,197,157,58,29,194,109,22,15,18,0,186,0,0,0,0,0, 
31,31,53,0,59,10,49,48,174,0,0,0,214,816,487,58,327,17,446,933,543,7,22,0,513,282,52,0,0,0,387,151,0,20,0,0,21,0,0,0,0,0, 
421,379,327,884,862,171,541,583,541,1199,1280,106,3797,3984,2728,5646,5416,407,4738,6398,2451,2889,3055,189,5810,3191,590,714,830,87,3138,1731,257,247,339,79,3835,791,68,32,24,3, 
54,639,930,27,62,0,297,1645,1700,36,221,17,2865,12572,4944,247,944,89,4417,11619,2422,301,293,125,3525,2659,274,49,133,0,3082,1296,172,19,5,15,868,248,0,0,0,5, 
46,0,38,7,23,0,16,94,100,78,117,0,135,222,186,171,251,0,0,333,109,121,122,0,173,94,33,15,75,0,138,38,10,0,0,14,42,48,0,0,11,0, 
0,16,56,28,0,0,45,40,285,0,0,17,149,485,525,0,45,0,176,381,259,0,74,0,78,127,54,0,12,0,281,95,0,0,0,0,79,8,0,0,0,0, 
16,0,24,0,36,0,29,0,0,0,0,0,0,42,70,56,72,0,48,19,0,0,23,0,109,82,0,0,20,0,45,19,0,37,0,0,52,37,0,0,0,0, 
0,37,118,0,21,0,0,0,50,0,0,13,0,48,101,52,0,0,45,72,64,0,9,0,33,0,0,0,0,0,11,6,4,0,0,0,10,13,0,0,0,0, 
50,16,247,255,84,91,0,30,27,0,53,0,141,119,0,78,49,0,19,168,85,40,46,0,75,0,68,30,16,0,0,40,0,0,0,0,100,0,12,0,21,0, 
0,0,246,93,126,0,6,69,45,12,0,0,25,103,73,0,0,0,20,23,63,0,15,0,111,86,0,0,0,0,0,0,0,0,0,0,15,0,0,0,0,0, 
28,39,12,83,44,0,33,0,57,72,80,0,13,150,172,290,275,0,214,207,205,220,109,7,237,9,19,43,6,0,80,12,0,0,13,0,109,0,0,0,0,0, 
0,54,65,0,7,0,11,76,281,7,15,0,86,507,409,17,113,0,134,623,79,0,4,0,132,118,39,0,0,0,134,123,0,0,0,0,12,0,12,0,0,0, 
0,0,0,0,0,0,0,0,0,0,0,0,0,0,0,0,0,0,0,0,0,0,0,0,0,0,0,0,0,0,0,0,0,0,0,0,42,0,0,0,0,0, 
0,0,14,0,0,0,0,0,0,0,0,0,0,0,13,0,0,0,0,0,0,0,0,0,24,0,0,0,0,0,0,0,0,0,0,0,0,0,0,0,0,0, 
37,36,62,25,14,24,28,37,28,110,41,0,128,216,44,223,148,4,191,200,120,141,213,0,153,185,10,0,14,0,69,91,1,14,0,0,166,20,0,0,0,0, 
13,105,82,0,18,0,0,57,70,7,23,0,87,378,228,29,24,0,193,563,325,0,3,0,61,59,3,0,0,0,104,98,22,0,0,0,60,45,0,0,0,0 
*****