2010 Education by occupation in New Mexico, race/ethnicity, and gender for age 25+, wgtd 2008-12 ACS, SSDAN/U-Mich
5
AgeEduc,RaceEth,Gender,EducAll,Occup
5,7,2,7,6
25-34,35-44,45-54,55-64,65+
NhWhite,Black,Asian,Hispanic,AmIndian,NHOther,NHMulti
Male,Female
0-9Yrs,10-12Yrs,HSGrad,SomeColl,CollGrad,Masters,PhD-Prof
TopWC,OtherWC,Service,TopBC,OtherBC,Farm
29,101,121,411,135,40,164,436,517,753,486,26,869,2052,1902,3303,1863,202,2426,4244,3413,4556,2079,211,4260,3258,970,357,280,149,2107,830,101,65,13,0,1396,27,0,0,0,29, 
0,181,165,0,89,0,111,610,532,14,72,26,713,2388,1830,105,164,52,2932,7468,4608,231,627,275,5586,3397,1504,127,34,0,3251,648,320,0,7,0,1338,66,18,0,0,0, 
0,7,57,0,21,0,0,55,133,50,59,0,0,56,240,109,116,0,220,346,436,332,215,0,170,158,61,0,19,0,95,55,71,0,39,0,10,0,0,0,0,0, 
0,21,97,0,0,0,0,72,63,0,0,0,0,238,132,0,5,0,125,616,348,30,20,0,171,133,0,0,0,0,224,53,0,0,0,0,0,0,0,0,0,0, 
0,0,26,0,0,0,0,0,0,0,16,0,0,28,87,0,63,0,138,163,149,151,29,0,183,59,113,14,54,0,567,74,0,0,0,51,142,46,0,0,0,0, 
0,39,71,0,0,0,0,0,0,0,36,0,0,21,79,0,37,0,49,259,172,0,0,0,333,196,73,0,0,0,265,0,0,0,0,0,179,0,0,0,0,0, 
47,283,2333,3181,943,744,248,951,1742,3898,1644,370,1129,3644,4593,7241,3869,471,2075,5792,4042,4665,2076,84,1928,1449,479,287,211,59,650,131,80,0,25,0,251,0,0,0,0,0, 
90,751,3240,123,186,101,233,1620,2389,81,256,99,1153,6224,5623,279,555,183,4207,11372,6095,356,598,27,3370,3157,653,40,37,0,1466,526,46,0,23,0,472,45,57,0,0,0, 
7,91,107,123,13,15,30,149,635,569,144,67,206,650,1109,1380,699,183,457,897,1079,1227,793,33,364,268,29,43,83,0,88,24,0,4,0,0,88,0,0,0,0,0, 
0,26,87,0,0,0,94,522,293,99,26,0,208,1230,1349,58,90,10,782,2773,1290,201,243,56,453,503,159,11,0,20,139,150,7,0,0,0,40,12,0,0,0,0, 
0,0,6,0,0,0,0,0,0,0,0,0,12,0,0,0,0,0,25,94,45,43,0,0,0,10,0,0,0,0,59,0,0,0,0,0,13,0,0,0,0,0, 
0,11,0,0,0,0,0,9,0,0,0,0,0,0,0,0,0,0,0,55,17,46,0,0,21,28,0,0,0,0,0,0,0,0,0,0,16,0,0,0,0,0, 
0,0,0,0,0,0,0,0,0,0,16,0,25,29,76,44,58,0,40,247,137,107,131,77,133,256,8,0,0,0,25,0,27,0,0,0,15,0,0,0,0,0, 
0,0,7,0,0,0,0,12,25,0,0,0,0,103,69,0,39,2,148,460,218,0,47,0,300,151,13,36,0,0,99,17,0,0,0,0,4,0,0,0,0,0, 
117,42,12,161,108,0,134,252,99,663,324,7,1154,1975,1264,2572,1743,106,3568,4317,2414,3911,1692,128,5031,2586,835,782,359,84,3737,806,222,29,82,23,2643,83,20,12,0,0, 
0,109,183,0,0,27,118,360,267,0,82,12,906,2558,1843,272,158,47,3745,7674,2526,243,540,89,6731,3374,665,80,45,29,4409,1042,146,13,0,0,1932,132,18,0,0,0, 
0,0,21,0,15,0,0,0,97,13,16,0,0,309,382,127,60,0,185,327,340,70,361,6,360,78,42,0,66,0,218,88,0,0,0,0,31,0,0,0,0,0, 
0,42,0,0,0,0,28,26,60,0,75,0,0,48,149,0,0,0,119,713,164,14,0,0,232,96,53,0,0,0,204,0,0,0,0,0,132,0,0,0,0,0, 
46,5,71,11,0,0,0,0,0,0,25,0,0,3,112,21,77,0,94,133,49,64,0,0,124,52,72,190,0,0,149,33,0,0,0,0,356,13,0,0,0,0, 
44,100,117,0,0,0,0,15,43,0,0,0,29,30,159,0,0,0,157,172,202,0,0,0,411,148,21,0,0,23,178,26,64,36,0,0,253,43,0,0,20,0, 
275,278,1682,4942,1788,826,285,435,868,2726,948,221,1513,2763,2746,6187,2815,320,2776,3765,2298,4083,2116,282,2658,1254,570,206,187,0,993,208,63,16,0,0,483,50,0,0,10,0, 
139,502,3233,142,734,200,106,1144,1779,40,135,36,1175,5574,4828,325,1029,16,3582,9863,3847,265,260,55,4085,1577,329,113,67,55,1810,612,139,0,16,0,486,87,0,0,0,0, 
0,57,26,69,130,20,29,141,173,561,85,9,330,716,650,1505,591,41,428,773,821,1099,367,20,226,215,89,56,97,0,105,7,0,0,0,0,8,0,0,0,0,0, 
4,4,212,10,0,0,3,99,442,44,102,0,186,1259,818,286,233,29,795,2382,1198,86,243,11,547,238,37,24,0,0,424,72,8,12,0,0,127,48,0,0,0,0, 
0,0,0,0,0,0,0,0,0,0,0,0,6,36,30,0,5,0,12,0,0,18,17,0,53,0,0,0,0,0,22,0,0,0,0,0,0,0,0,0,0,0, 
0,0,5,0,0,0,0,0,0,0,0,0,4,12,25,0,0,0,18,25,19,0,0,0,4,67,0,0,0,0,0,0,0,0,27,0,26,0,0,0,0,0, 
0,0,0,0,0,0,0,0,0,0,22,0,32,96,24,131,23,0,117,275,151,94,84,0,57,0,0,0,0,0,66,28,0,35,0,0,17,0,15,0,0,0, 
0,0,0,0,0,0,0,42,0,0,0,0,0,151,91,0,0,0,0,234,85,0,39,0,342,68,43,0,0,0,133,90,0,0,0,0,92,0,0,0,0,0, 
15,109,71,282,144,13,107,273,291,820,547,222,1885,3362,1381,4720,2466,206,4693,6237,2367,5154,2187,162,7040,3588,805,802,493,42,3654,1333,110,130,90,104,3226,292,118,0,0,0, 
35,94,16,0,31,13,119,535,576,118,86,19,1926,5994,2245,218,435,82,5913,11514,3385,385,687,173,7540,3883,1023,169,177,191,6237,1281,121,30,94,75,2680,103,0,0,3,75, 
0,0,0,72,0,0,15,32,47,0,0,0,64,55,99,227,144,0,88,168,192,112,84,0,61,152,162,15,31,27,39,70,50,0,0,2,7,0,0,0,0,0, 
0,96,0,0,0,0,0,0,87,0,0,0,172,241,131,24,0,0,207,218,68,0,34,14,68,158,0,0,0,0,60,0,16,0,0,0,57,0,0,0,0,0, 
27,0,0,77,0,0,14,0,56,37,16,0,48,0,128,90,21,0,26,80,177,30,61,0,82,66,0,37,0,0,154,30,0,24,0,0,317,16,0,0,0,0, 
0,0,23,17,51,0,0,0,97,0,0,0,46,91,221,0,0,0,175,294,35,0,58,0,261,220,79,0,41,0,241,14,12,0,0,0,97,53,0,0,0,13, 
306,440,1336,3614,1788,1079,339,478,812,1398,1333,177,1309,2490,3449,6896,3113,404,2071,3278,2275,2878,1546,126,2332,1005,265,381,193,71,1039,555,98,43,0,0,715,59,41,0,0,0, 
109,636,3752,19,736,247,125,863,1482,214,146,55,1360,6817,5229,523,1214,43,3374,8599,2592,165,546,0,2811,1811,226,0,82,0,2177,420,87,14,0,0,490,37,51,0,0,0, 
0,9,107,272,103,38,61,86,170,699,84,10,85,291,789,1576,781,175,421,367,645,876,223,55,176,87,12,76,0,0,133,103,0,0,0,0,71,0,0,0,0,0, 
13,2,291,13,23,0,38,113,510,46,76,9,258,922,1081,209,322,19,809,1791,1216,158,169,35,679,411,41,0,0,0,253,102,15,0,0,0,136,41,0,0,0,0, 
0,0,0,0,4,0,0,0,0,0,58,0,0,0,0,25,0,0,3,0,68,33,0,0,14,0,0,0,0,0,5,0,0,0,0,0,0,0,0,0,0,0, 
0,0,15,0,0,0,0,0,24,0,0,0,0,18,0,0,0,0,38,60,11,0,0,0,0,0,0,0,0,0,17,0,0,0,0,0,18,0,0,0,0,0, 
0,0,0,0,0,0,24,32,0,0,0,0,40,11,3,21,24,0,163,195,19,65,51,0,98,0,0,3,22,0,414,9,0,3,0,0,68,0,0,0,0,0, 
0,0,0,0,0,0,89,27,0,0,0,0,0,52,17,0,12,0,70,245,16,8,0,0,182,62,0,0,0,11,113,36,0,0,0,0,67,0,0,0,0,0, 
144,14,12,98,112,0,113,287,92,327,241,73,1217,1892,965,3033,2091,168,4294,5624,1936,3758,2276,260,7354,3749,802,862,444,120,6072,1654,162,250,142,0,5150,494,90,109,152,0, 
60,138,190,40,0,50,145,236,252,0,70,0,1455,5496,2017,274,508,72,5918,10255,2509,230,534,125,7715,3991,589,149,159,19,7755,2521,135,58,128,19,2781,495,92,0,2,0, 
0,0,0,0,0,0,0,46,0,25,0,0,111,58,27,57,110,16,115,143,20,88,36,0,311,10,11,50,0,0,66,89,0,24,0,0,52,0,0,0,0,0, 
0,0,21,0,0,0,0,11,0,0,0,0,33,109,152,0,0,0,53,376,218,0,24,0,96,45,21,0,0,27,70,28,0,0,0,0,45,0,0,0,0,0, 
14,0,30,23,0,0,0,0,0,0,17,0,11,0,91,20,45,0,58,24,84,0,10,0,133,14,23,0,20,0,89,27,0,0,9,0,111,0,0,0,0,0, 
9,25,41,13,98,0,33,18,19,0,0,0,26,30,67,0,14,0,42,166,234,0,9,0,181,129,46,0,0,0,142,0,0,0,0,0,64,0,0,0,0,0, 
185,187,1165,2182,898,660,82,132,377,829,415,101,968,1755,1962,2950,1757,123,2069,1947,1443,1432,1122,46,1428,583,200,216,201,15,1705,256,9,36,22,56,686,100,29,0,20,0, 
100,407,2632,132,422,25,57,537,1076,24,95,76,1287,4707,3323,70,520,19,2040,4318,1913,89,335,0,1768,466,167,44,14,0,1412,380,93,0,42,0,542,94,0,0,0,11, 
15,0,88,132,38,0,114,14,70,171,115,0,116,197,269,661,294,20,313,404,334,353,186,9,353,197,4,33,95,0,161,76,0,0,2,0,38,0,0,0,0,0, 
0,77,79,54,21,0,27,74,215,90,13,15,178,522,579,164,124,0,282,1032,404,217,29,0,381,148,55,0,0,0,302,42,20,0,0,0,24,0,0,0,0,0, 
0,0,0,0,43,0,0,0,0,0,0,0,0,3,0,9,0,0,0,12,19,27,0,0,0,20,0,0,0,0,14,21,0,0,0,0,30,0,0,0,0,0, 
0,0,0,0,0,0,0,0,0,0,0,0,16,25,11,0,6,0,29,40,0,0,0,0,34,0,0,0,0,0,0,14,0,0,0,0,21,0,0,0,0,0, 
19,0,0,0,0,0,0,13,0,0,0,0,23,1,0,13,65,0,30,47,61,39,45,0,92,34,10,0,0,0,43,41,27,0,0,0,88,2,0,0,0,0, 
0,0,0,0,0,0,0,12,0,0,0,0,0,204,0,12,0,0,125,203,116,0,4,0,162,16,0,0,0,0,10,9,0,0,0,0,0,0,0,0,0,0, 
69,154,140,138,96,11,225,38,44,177,220,11,701,1521,721,1240,1094,171,1913,2641,752,1109,871,29,3196,1757,370,306,297,0,3141,1162,186,101,155,0,3634,463,108,17,19,26, 
5,125,157,0,21,0,55,411,224,19,28,0,811,2913,869,19,226,74,1803,5128,961,22,317,72,2190,1254,159,0,62,22,2351,1234,155,52,31,14,1184,200,37,0,19,0, 
0,0,0,26,0,0,11,0,0,61,13,0,0,0,28,31,22,21,14,82,81,4,0,0,0,17,18,0,16,0,61,0,0,15,0,0,0,0,0,0,0,0, 
0,63,22,0,11,0,0,0,45,0,81,0,61,0,31,0,10,0,152,86,47,0,14,0,81,0,0,0,0,0,74,32,0,0,0,0,0,0,0,0,0,0, 
0,0,11,24,0,0,0,0,0,0,0,0,0,0,36,21,0,0,0,0,0,47,0,0,0,10,25,0,0,0,170,0,0,0,0,0,26,48,0,0,0,0, 
0,0,17,9,8,25,0,14,11,0,0,0,21,66,61,0,0,0,0,54,23,0,10,0,0,0,0,0,0,0,14,0,0,0,0,0,10,15,0,0,0,0, 
120,205,1178,797,771,382,30,69,399,256,165,29,308,732,582,488,805,8,460,677,268,260,365,46,260,330,78,66,44,0,314,267,5,33,24,0,297,16,14,0,24,0, 
25,294,1074,15,161,12,11,147,469,0,83,0,378,1692,1262,106,191,0,532,1135,493,0,166,0,291,98,0,0,0,0,387,131,33,10,0,0,137,0,28,0,0,0, 
0,0,82,21,135,0,0,0,12,19,19,0,5,68,139,56,32,0,182,47,103,83,16,0,59,4,0,0,10,0,52,14,0,0,10,0,36,0,0,0,0,0, 
0,112,309,0,30,0,5,6,47,0,0,0,0,120,213,18,21,0,99,199,100,0,0,0,113,38,0,0,0,0,129,51,10,0,0,0,51,0,0,0,0,0, 
0,0,0,0,0,0,17,0,0,0,0,0,0,0,0,0,0,0,20,0,0,37,0,0,0,0,0,0,0,0,0,0,0,0,0,0,14,0,0,0,0,0, 
0,0,0,0,0,0,0,0,0,0,0,0,0,0,0,0,0,0,0,12,0,0,0,0,0,0,0,0,0,0,0,0,0,0,0,0,0,0,0,0,0,0, 
0,0,5,0,0,0,0,0,0,0,0,0,0,0,61,0,0,0,0,39,8,0,0,0,25,4,7,0,0,0,10,0,24,0,21,0,9,0,0,0,0,0, 
0,0,0,0,0,0,0,0,0,0,0,0,4,41,9,0,0,0,7,50,0,0,0,0,51,0,0,0,0,0,20,36,10,0,0,0,16,0,0,0,0,0 
*****