2010 Education by occupation in Delaware, race/ethnicity, and gender for age 25+, wgtd 2008-12 ACS, SSDAN/U-Mich
5
AgeEduc,RaceEth,Gender,EducAll,Occup
5,7,2,7,6
25-34,35-44,45-54,55-64,65+
NhWhite,Black,Asian,Hispanic,AmIndian,NHOther,NHMulti
Male,Female
0-9Yrs,10-12Yrs,HSGrad,SomeColl,CollGrad,Masters,PhD-Prof
TopWC,OtherWC,Service,TopBC,OtherBC,Farm
0,54,133,402,106,16,68,169,526,868,204,21,569,1545,1398,3641,1762,178,1476,2867,2184,2262,1036,52,3228,2504,877,557,191,36,998,308,56,10,37,0,932,53,0,47,0,0, 
52,213,185,0,0,38,44,510,303,0,12,0,486,3289,1907,70,131,123,1923,4739,2486,113,143,75,5745,2775,880,26,99,47,2701,655,105,0,26,0,675,78,34,0,0,0, 
0,9,38,34,160,0,11,410,285,220,285,0,181,813,710,509,1025,14,462,1677,707,460,560,22,801,511,401,45,42,0,112,31,32,86,0,0,62,0,0,0,0,0, 
0,55,236,0,0,0,25,176,568,8,5,0,216,1455,1386,63,376,0,960,2402,1306,56,161,0,850,946,158,0,0,0,225,493,90,0,40,0,63,0,0,0,0,0, 
19,0,11,0,0,0,0,28,25,0,0,0,11,43,57,39,70,0,50,47,0,44,22,0,708,202,44,0,0,0,645,38,49,0,0,0,478,47,0,0,0,0, 
0,29,102,0,0,0,9,28,27,0,0,0,22,66,153,0,33,0,119,144,12,0,11,0,451,173,103,0,0,0,584,174,0,0,0,0,163,63,4,0,0,0, 
45,160,604,835,417,152,0,41,237,329,265,24,65,360,889,789,274,15,70,66,169,242,300,0,61,53,201,35,112,0,79,0,20,86,0,0,45,0,0,0,0,0, 
0,164,433,155,298,25,0,65,125,67,62,9,86,803,518,61,228,20,121,533,410,0,52,20,158,267,13,0,0,0,84,0,0,0,0,0,0,10,0,0,0,0, 
0,0,0,0,0,0,0,0,0,0,0,0,0,0,24,0,27,0,0,0,41,0,0,0,0,0,14,0,0,0,0,0,0,0,0,0,0,0,0,0,0,0, 
0,0,0,0,0,0,0,0,25,0,29,0,0,21,0,0,44,0,30,0,0,0,0,0,58,0,0,0,0,0,26,0,0,0,0,0,0,0,0,0,0,0, 
0,0,0,0,0,0,0,0,0,0,0,0,0,0,0,0,0,0,0,107,0,0,0,0,6,22,0,0,0,0,0,0,0,0,0,0,0,0,0,0,0,0, 
0,0,0,0,0,0,0,0,0,0,0,0,0,13,14,0,0,0,0,35,4,0,0,0,14,0,0,0,0,0,0,0,0,0,0,0,0,0,0,0,0,0, 
0,0,0,0,0,0,0,17,37,0,0,0,28,77,67,77,14,0,69,164,145,42,28,0,101,0,4,0,0,0,7,0,0,0,0,0,0,0,0,0,0,0, 
0,0,0,0,0,0,0,0,0,0,0,0,36,102,28,0,0,0,65,125,207,0,14,0,96,149,28,0,0,0,85,22,0,0,0,0,31,13,0,0,0,0, 
226,117,96,369,229,23,70,176,78,833,254,65,1041,2463,1352,4058,1936,142,2333,2439,1337,2051,1204,0,3975,2235,731,353,182,0,1687,443,38,97,10,0,1021,143,0,14,24,0, 
17,83,245,0,88,12,50,273,204,0,115,13,563,5383,1965,323,355,23,3196,5478,1293,237,151,43,4575,2113,410,19,184,19,2900,642,20,22,16,22,1213,82,25,0,0,0, 
0,89,36,10,105,54,0,80,370,0,229,0,163,686,1340,857,1774,83,412,1157,803,444,592,0,427,607,222,27,17,0,288,51,73,0,18,0,160,0,0,0,0,0, 
78,27,115,0,13,0,73,311,256,60,34,0,324,1706,1186,0,557,0,909,2332,1197,94,259,21,1537,382,129,0,19,0,750,177,82,0,0,0,162,15,0,0,0,0, 
66,0,29,0,0,0,30,24,33,0,0,0,0,44,4,40,0,0,41,219,87,0,0,26,383,180,17,95,0,0,752,87,0,0,0,0,242,25,0,0,0,0, 
0,0,0,0,0,0,0,65,0,0,0,0,59,84,64,0,0,0,33,148,19,0,114,0,485,320,75,21,89,0,218,123,0,0,0,0,240,68,0,0,0,0, 
75,53,598,549,343,306,0,3,0,207,210,0,0,227,599,411,268,4,126,145,22,269,123,0,139,58,125,25,29,0,88,0,0,0,0,0,24,31,0,0,0,0, 
0,123,627,91,295,144,40,106,95,124,22,0,117,276,204,0,109,0,148,485,118,19,43,14,79,39,168,19,0,0,36,0,19,0,0,0,119,0,75,0,0,0, 
0,0,0,20,0,0,0,0,0,0,0,18,0,0,15,110,33,0,0,7,3,0,0,0,0,0,0,0,27,0,0,0,0,0,0,0,26,0,0,0,0,0, 
0,0,0,0,0,0,0,0,0,0,0,0,0,74,4,0,0,0,25,0,16,0,0,0,0,0,0,0,15,0,14,0,0,0,0,0,0,0,0,0,0,0, 
0,0,0,0,0,0,0,0,0,0,15,0,0,0,0,0,0,0,0,0,0,0,0,0,0,0,0,0,0,0,0,0,0,0,0,0,0,0,0,0,0,0, 
0,0,0,0,0,0,0,0,0,0,0,0,0,0,0,0,0,0,15,0,0,0,0,0,32,0,0,0,0,0,0,0,0,0,0,0,0,16,0,0,0,0, 
0,0,0,0,0,0,0,0,0,59,0,36,17,13,59,23,0,0,20,60,65,0,22,0,52,0,34,0,0,0,4,0,0,0,0,0,96,0,0,0,0,0, 
0,3,0,0,0,0,68,0,0,0,20,0,51,0,62,0,0,0,55,172,3,0,19,0,83,0,0,0,0,0,43,18,0,0,0,0,0,0,0,0,0,0, 
45,50,54,467,182,13,121,258,284,969,718,69,2415,2713,1612,5418,3300,106,2931,3563,1275,2142,1541,99,4059,1837,263,335,441,49,2342,534,112,63,88,15,1577,196,0,0,26,0, 
14,126,182,0,130,0,120,311,569,15,178,54,1900,7120,2649,179,844,46,4156,6558,1700,114,282,56,5438,2804,484,15,42,17,3182,673,37,28,82,0,822,154,26,0,0,0, 
34,14,0,53,0,0,16,79,91,154,522,7,241,736,762,793,1712,74,526,1333,508,596,955,0,441,297,97,48,113,0,441,181,31,0,24,0,139,0,0,0,0,0, 
0,41,67,0,59,0,52,126,446,101,134,0,185,1229,1552,16,416,20,1316,2595,1084,64,230,13,950,1051,70,0,60,0,562,384,93,13,15,0,194,18,35,0,0,0, 
31,30,71,0,12,0,0,25,26,0,0,0,30,13,48,0,74,0,47,64,0,0,79,0,142,207,86,11,31,0,186,48,0,0,0,0,251,26,0,0,0,0, 
26,20,43,0,0,0,0,10,40,0,16,0,0,105,89,0,21,0,53,83,18,0,15,0,323,224,11,18,0,0,127,39,0,0,0,0,170,0,0,0,0,0, 
28,0,132,180,180,63,0,0,92,73,0,12,17,216,200,111,109,17,96,150,59,212,251,0,318,71,40,0,21,0,145,42,3,0,0,0,54,15,0,0,22,0, 
16,6,203,11,76,39,0,97,96,0,0,0,41,53,243,87,55,0,96,372,150,0,0,0,151,78,37,0,0,0,103,0,17,0,21,0,87,0,0,0,0,0, 
0,0,18,13,20,0,0,0,3,35,21,5,0,60,41,14,68,0,0,12,0,0,73,0,0,0,0,0,0,0,28,0,0,0,0,0,0,0,0,0,0,0, 
0,0,0,0,0,0,0,0,0,0,0,0,26,3,0,0,37,4,15,19,22,0,0,0,0,0,0,0,0,0,0,9,0,0,0,0,3,0,0,0,0,0, 
0,0,0,0,0,0,0,0,0,0,0,0,0,0,0,0,0,0,0,0,14,0,0,0,0,0,0,0,0,0,0,0,0,0,0,0,0,0,0,0,0,0, 
0,0,0,0,0,0,0,0,0,0,0,0,0,5,0,0,0,0,0,0,0,0,0,31,0,45,0,0,0,0,19,0,0,0,0,0,0,0,0,0,0,0, 
0,0,0,0,0,0,0,0,14,0,0,0,0,0,67,9,32,0,57,35,8,56,0,0,85,0,0,0,0,0,81,0,0,0,0,0,0,0,0,0,0,0, 
0,0,0,0,0,0,0,0,52,0,0,0,0,26,77,0,0,0,21,160,95,0,0,0,76,22,0,0,0,0,51,8,0,0,0,0,0,39,24,0,0,0, 
6,100,160,160,280,63,65,95,455,382,200,51,990,1667,1383,3587,2410,96,2452,3478,922,1741,1374,73,3216,2438,320,303,261,0,2424,932,173,58,54,0,2097,183,23,0,0,0, 
5,280,92,0,114,0,117,332,451,124,170,26,1353,6906,1919,259,641,65,2603,6655,1085,108,288,13,3144,2038,196,0,69,26,3322,842,47,74,0,0,936,72,16,3,0,0, 
14,28,21,63,179,39,45,63,113,142,216,38,158,375,420,322,1230,15,300,355,408,332,296,0,295,215,96,31,183,0,171,116,0,0,0,0,140,16,0,0,0,0, 
41,60,137,0,96,0,9,101,375,0,62,0,269,1326,909,36,543,0,402,1460,463,0,153,13,519,239,40,0,24,0,594,62,0,0,0,0,161,0,0,0,0,0, 
0,0,0,0,12,0,0,0,27,33,0,0,0,33,34,0,14,0,16,29,0,0,8,0,43,101,0,36,14,0,154,91,0,0,53,0,139,8,0,0,0,0, 
0,0,0,12,0,0,0,69,51,0,21,0,28,104,49,17,0,0,29,50,57,0,0,0,134,125,0,0,0,0,193,20,0,0,0,0,61,0,0,0,0,0, 
0,52,137,187,222,0,23,20,60,16,58,0,22,64,28,37,58,21,28,91,158,25,64,0,57,0,0,0,55,0,33,56,0,0,0,0,88,0,0,0,0,0, 
24,3,43,0,24,0,0,43,0,0,65,0,0,59,113,0,71,0,15,105,86,0,38,0,72,102,0,0,57,0,116,0,0,0,0,0,0,0,0,0,0,0, 
15,0,0,0,1,0,0,0,0,0,0,0,10,3,0,34,45,0,4,0,0,36,4,0,4,0,0,0,18,8,0,0,0,0,0,0,8,0,18,0,0,0, 
0,4,0,0,0,0,0,0,0,0,0,0,0,11,3,0,7,0,0,40,0,0,10,0,11,0,0,0,0,0,0,4,0,0,0,0,0,0,0,0,0,0, 
0,0,0,0,0,0,0,0,0,0,0,0,0,0,0,4,0,0,0,0,0,0,0,0,0,15,0,0,0,0,0,0,0,0,0,0,14,0,0,0,0,0, 
0,0,0,0,0,0,0,0,0,0,0,0,0,22,0,0,0,0,0,0,0,0,0,0,0,0,0,0,0,0,0,0,0,0,0,0,0,0,0,0,0,0, 
0,0,0,0,0,0,0,0,24,18,0,0,0,0,0,47,94,0,43,116,0,0,8,0,0,16,0,0,0,0,0,0,14,0,0,0,0,0,0,0,0,0, 
0,23,47,0,0,0,0,0,0,0,0,0,0,84,0,20,0,0,39,68,14,0,0,0,0,28,24,0,0,0,0,0,0,0,0,0,66,0,0,0,0,0, 
36,128,54,421,262,47,111,291,196,152,203,0,631,1320,638,1033,1175,53,1193,1319,508,472,592,16,1272,860,308,128,179,0,1133,378,117,40,102,0,1299,166,63,0,40,0, 
61,214,139,32,61,0,22,336,392,2,269,0,475,3678,1301,35,151,27,981,2818,547,90,106,17,997,984,154,0,0,0,837,373,15,0,0,0,281,104,4,0,0,0, 
0,0,29,172,148,15,0,0,94,121,26,41,75,104,207,224,189,3,100,254,152,16,204,22,193,48,12,0,0,0,25,98,0,0,19,0,66,4,0,0,0,0, 
9,38,91,0,1,0,28,108,104,0,50,0,123,208,233,0,105,0,187,423,91,0,60,0,49,78,63,0,0,0,137,15,0,0,0,0,29,0,0,0,0,0, 
0,0,39,0,0,0,29,0,0,0,0,0,0,0,0,0,26,0,0,23,0,0,0,0,57,35,0,0,28,0,40,0,0,0,0,0,119,23,0,0,0,0, 
0,5,22,0,29,0,0,0,19,0,39,0,0,60,43,0,13,0,0,57,0,0,0,0,16,85,0,0,0,0,19,50,0,0,0,0,0,0,0,0,0,0, 
0,0,22,0,0,0,0,0,0,0,3,0,0,0,0,0,0,0,59,20,0,0,0,0,4,8,15,0,0,0,11,0,0,0,0,0,31,47,0,0,0,0, 
0,11,0,41,0,0,0,0,37,0,0,0,0,97,0,0,24,0,0,38,39,0,0,0,21,35,0,0,0,0,11,0,0,0,0,0,21,0,0,0,0,0, 
0,0,0,0,0,0,0,0,0,0,0,0,0,0,0,0,0,0,3,16,0,0,0,0,0,0,0,0,0,0,0,0,0,0,0,0,0,0,0,0,0,0, 
0,23,0,0,0,0,0,0,0,0,0,0,0,0,3,0,0,0,0,3,2,0,0,0,0,0,0,0,0,0,0,0,0,0,0,0,0,0,0,0,0,0, 
0,0,0,0,0,0,0,0,0,0,0,0,0,0,0,0,0,0,0,0,0,0,0,0,0,0,0,0,0,0,0,0,0,0,0,0,0,1,0,0,0,0, 
27,0,0,0,0,0,0,0,0,0,0,0,0,0,0,0,0,0,0,0,0,0,0,0,66,0,0,0,0,0,0,0,0,0,0,0,0,0,0,0,0,0, 
26,0,0,0,0,0,0,0,0,0,0,0,0,0,0,0,0,0,0,0,0,0,13,0,22,0,23,0,0,0,19,0,0,0,0,0,15,0,0,0,0,0, 
0,0,4,0,0,0,0,0,0,0,0,0,0,29,0,0,0,0,0,20,4,0,35,0,0,0,0,0,0,0,0,0,0,0,0,0,0,0,24,0,0,0
*****