2010 Education by occupation in Vermont, race/ethnicity, and gender for age 25+, wgtd 2008-12 ACS, SSDAN/U-Mich
5
AgeEduc,RaceEth,Gender,EducAll,Occup
5,7,2,7,6
25-34,35-44,45-54,55-64,65+
NhWhite,Black,Asian,Hispanic,AmIndian,NHOther,NHMulti
Male,Female
0-9Yrs,10-12Yrs,HSGrad,SomeColl,CollGrad,Masters,PhD-Prof
TopWC,OtherWC,Service,TopBC,OtherBC,Farm
18,0,64,97,300,26,46,249,363,469,504,12,883,2041,1981,3702,2637,431,1346,2088,1298,2339,1015,51,3115,1858,1032,571,360,104,938,229,130,5,17,0,370,29,39,0,0,0, 
0,32,272,0,8,0,70,189,292,22,65,0,308,3401,2025,222,484,61,1117,5179,1960,162,480,162,5147,3839,1123,31,0,73,1952,770,220,0,49,0,657,29,14,0,0,0, 
0,0,0,0,0,0,0,0,0,0,67,0,0,29,0,0,0,0,0,98,68,0,2,0,15,277,0,0,0,0,13,83,0,0,0,0,0,28,0,0,0,0, 
0,0,0,0,0,0,0,0,0,0,0,0,0,0,188,0,12,0,26,81,15,0,0,0,18,15,20,0,0,0,58,0,0,0,0,0,108,0,0,0,0,0, 
0,0,0,0,0,0,0,0,71,0,0,0,9,0,17,0,0,0,34,0,0,0,0,0,105,37,0,46,0,0,148,0,0,0,0,0,0,0,0,0,0,0, 
0,0,26,0,0,0,0,0,0,0,0,0,0,23,78,0,0,0,39,26,0,0,0,0,0,31,100,0,0,0,88,4,0,0,0,0,0,0,0,0,0,0, 
0,0,0,0,0,57,0,0,72,5,0,0,0,50,15,41,45,19,0,237,48,0,35,0,39,62,0,0,0,0,115,0,0,0,0,0,32,0,0,0,0,0, 
0,72,0,0,0,0,0,0,0,0,0,0,0,0,129,0,0,0,0,103,20,33,0,0,26,123,0,0,0,0,70,0,0,0,0,0,0,0,0,0,0,0, 
0,0,0,0,0,0,0,0,0,0,0,0,0,0,0,0,0,0,0,0,0,83,0,0,0,0,0,0,0,0,0,0,0,0,0,0,0,0,0,0,0,0, 
0,0,0,0,0,0,0,0,0,0,5,0,0,0,0,0,15,0,0,0,11,0,0,0,0,0,12,0,0,0,0,0,0,0,0,0,0,0,0,0,0,0, 
0,0,0,0,0,0,0,0,0,0,0,0,0,0,0,0,0,0,0,0,0,0,0,0,0,0,0,0,0,0,13,0,0,0,0,0,0,0,0,0,0,0, 
0,0,0,0,0,0,0,0,0,0,0,0,0,0,0,0,0,0,0,0,0,0,0,0,0,0,0,0,0,0,9,0,0,0,0,0,0,0,0,0,0,0, 
0,0,0,0,0,0,0,0,0,0,11,0,0,17,93,168,4,0,8,11,210,76,7,0,0,0,19,0,32,22,0,68,13,0,0,0,0,0,0,0,0,0, 
0,0,30,0,0,0,0,0,0,0,0,0,0,25,28,0,0,0,16,84,50,64,0,0,142,19,14,0,0,0,0,6,0,0,0,0,0,0,0,0,0,0, 
27,61,144,197,157,75,107,161,412,820,343,83,1592,1460,984,4942,2825,221,1598,2232,1293,2214,1004,98,4548,1879,819,500,206,81,1801,416,79,36,50,8,1188,5,0,0,0,15, 
0,104,78,0,29,9,8,257,184,0,94,12,546,3813,2576,187,977,75,3171,5220,2486,245,429,50,4835,2643,1137,119,38,68,2908,836,114,41,30,0,735,197,0,0,0,0, 
0,0,0,4,0,0,0,0,0,0,0,0,0,0,21,10,0,0,0,0,0,24,0,0,27,0,0,0,33,0,78,0,0,0,0,0,0,0,42,0,0,0, 
0,0,0,0,0,0,0,0,0,0,0,0,0,0,0,0,0,0,0,107,21,0,0,0,66,0,0,0,0,0,17,0,0,0,0,0,0,0,0,0,0,0, 
34,0,89,0,0,0,0,59,0,0,0,0,0,0,35,0,0,0,0,0,124,0,0,0,6,196,82,0,0,0,28,0,0,0,0,0,38,0,0,0,0,0, 
0,0,110,0,18,0,0,0,0,0,0,0,0,0,16,0,150,0,22,107,22,0,0,0,54,32,138,0,0,0,0,0,0,0,0,0,111,0,13,0,0,0, 
0,0,0,0,0,0,0,0,0,13,0,0,0,15,0,0,0,118,20,59,16,31,0,0,30,8,0,0,0,0,91,0,0,0,0,0,41,0,0,0,0,0, 
0,0,0,0,0,0,0,0,0,0,0,0,0,0,46,0,46,0,100,139,0,0,0,0,4,57,11,0,0,0,23,19,0,0,0,0,21,0,0,0,0,0, 
0,0,0,0,0,0,0,0,0,4,0,38,0,0,0,0,0,0,0,0,0,38,239,0,0,0,0,0,0,0,0,0,0,0,0,0,0,0,0,0,0,0, 
0,0,0,0,0,0,0,0,0,0,0,0,0,0,6,0,0,0,0,0,0,0,0,0,0,0,0,0,0,0,0,0,0,0,0,0,0,0,0,0,0,0, 
0,0,0,0,0,0,0,0,0,0,0,0,0,0,0,0,0,0,0,0,0,0,0,0,0,0,0,0,0,0,71,0,0,0,0,0,0,0,0,0,0,0, 
0,0,0,0,0,0,0,0,0,0,0,0,0,0,0,0,0,0,0,0,0,0,0,0,4,0,0,0,0,0,0,77,0,0,0,0,0,0,0,0,0,0, 
0,0,0,0,15,0,9,0,0,0,0,0,0,0,153,11,27,0,55,0,9,228,0,0,0,0,42,37,21,0,0,0,0,0,0,0,26,0,0,0,0,0, 
0,0,0,0,0,0,20,0,0,0,0,0,0,160,97,0,0,0,61,120,19,0,0,0,83,0,21,0,0,0,25,26,0,0,0,0,0,0,0,0,0,0, 
59,37,112,461,303,146,63,224,231,724,464,320,1958,2311,2420,5718,4898,611,2730,2584,1481,2256,1199,117,4543,2351,438,676,263,68,2294,618,64,39,16,7,1540,115,23,0,16,0, 
42,89,427,0,88,0,75,143,498,122,146,0,1393,5953,3467,355,1227,62,3091,6616,2629,263,475,53,5743,3282,924,28,106,28,3695,1007,120,30,37,74,1670,50,39,0,0,0, 
0,0,0,0,0,0,0,0,0,0,0,0,0,39,0,0,0,0,12,0,89,0,0,0,0,0,0,0,0,0,8,0,0,0,0,0,25,0,0,0,0,0, 
0,0,0,0,0,0,0,0,25,0,0,0,0,0,0,0,0,0,0,42,25,0,0,0,0,0,0,0,0,0,0,0,0,0,0,0,16,0,0,0,0,0, 
0,0,72,38,0,0,35,0,0,0,0,0,10,0,28,0,0,0,0,0,0,0,0,0,75,0,0,0,0,0,0,0,0,0,0,0,0,0,0,0,0,0, 
8,0,51,0,0,0,0,11,0,0,0,0,0,0,59,0,10,0,0,23,0,0,0,23,11,42,0,15,0,0,34,0,0,0,0,0,0,0,0,0,0,0, 
0,0,0,0,0,0,0,0,0,0,0,0,0,6,41,15,0,0,72,24,11,133,0,0,23,0,0,0,0,0,0,0,0,0,0,0,0,0,0,0,0,0, 
0,0,46,0,0,0,0,0,0,0,0,0,32,15,108,0,0,0,8,16,2,0,0,0,16,0,0,0,0,0,7,0,0,0,0,0,18,0,0,0,0,0, 
0,27,0,0,23,0,0,0,0,0,3,0,18,0,0,0,26,0,0,0,0,0,0,0,0,0,0,0,10,0,0,10,0,0,0,0,7,0,0,0,0,0, 
0,0,0,0,0,0,0,0,11,0,0,0,8,15,51,0,0,0,14,0,9,4,0,0,0,8,0,0,0,0,0,0,0,0,0,0,0,0,0,0,0,0, 
0,0,0,0,0,0,0,0,0,0,0,0,0,0,23,0,0,0,6,0,0,0,0,0,0,0,0,0,0,0,0,7,0,0,0,0,0,0,0,0,0,0, 
0,0,0,0,0,0,0,0,0,0,0,0,0,0,0,0,0,0,0,0,0,0,0,0,0,0,0,0,0,0,16,0,0,0,0,0,0,0,0,0,0,0, 
0,0,16,0,0,0,0,0,24,9,0,0,19,13,0,51,55,0,49,22,22,130,0,0,12,4,0,0,0,0,32,23,0,0,0,0,19,0,0,0,0,0, 
0,0,0,0,0,0,0,0,0,0,0,0,21,121,120,0,7,11,37,63,0,52,6,0,127,28,0,0,0,0,0,25,0,0,0,0,0,0,0,0,0,0, 
0,81,165,171,250,93,64,138,93,548,299,73,1164,1720,1570,3610,2868,449,2194,1923,1290,2116,1157,34,4475,2074,403,875,624,49,2743,881,62,89,112,30,2276,134,16,17,56,7, 
40,25,258,19,39,10,94,182,290,11,130,0,1000,4702,2394,214,891,122,2953,4977,1180,68,331,18,4981,2909,512,47,120,12,5146,1375,110,12,81,8,1375,128,0,0,0,0, 
0,0,0,0,0,0,0,0,0,0,0,0,18,0,0,0,0,0,11,0,0,0,0,0,0,0,0,0,0,0,11,35,0,0,0,0,4,0,0,0,25,0, 
0,0,0,0,0,0,0,0,0,0,0,0,0,0,18,0,0,0,0,0,0,0,0,0,0,0,0,0,0,0,0,0,17,0,0,0,27,50,0,0,0,0, 
0,0,0,0,0,0,0,0,0,0,0,0,0,11,0,0,0,0,2,0,0,13,0,0,127,0,58,0,0,0,0,0,0,0,0,0,3,0,0,0,0,0, 
0,47,119,0,0,0,0,0,0,0,0,0,0,0,18,15,10,0,0,0,14,0,6,0,0,10,0,0,0,0,11,0,0,0,0,0,0,0,0,0,0,0, 
0,0,0,0,0,33,0,0,0,0,0,0,0,29,9,0,35,17,24,25,38,0,0,0,0,0,43,0,0,0,23,0,20,0,0,0,55,0,0,0,0,0, 
0,0,0,0,20,0,0,0,0,0,0,0,0,0,0,0,0,0,52,44,0,0,7,0,51,31,0,0,4,0,24,0,0,0,0,0,0,0,0,0,0,0, 
0,0,0,0,0,0,0,0,0,0,12,0,10,0,0,47,0,0,22,8,0,4,0,0,0,0,0,0,0,0,0,0,0,0,0,0,0,0,0,0,0,0, 
0,0,0,0,0,0,0,0,0,0,0,0,0,14,0,0,0,0,7,18,0,0,0,0,2,0,48,0,0,0,0,0,0,0,0,0,0,0,0,0,0,0, 
0,0,0,0,0,0,0,0,0,0,0,0,0,0,0,0,0,0,0,9,0,17,0,0,8,0,0,0,0,0,0,0,0,0,0,0,0,0,0,0,0,0, 
0,0,0,0,0,0,0,0,0,0,0,0,0,0,0,0,23,0,8,0,0,0,0,0,0,0,0,0,0,0,0,0,0,0,0,0,0,0,0,0,0,0, 
0,19,0,0,36,0,0,9,0,0,0,0,74,0,7,130,0,0,0,3,0,21,17,0,21,0,12,0,0,0,0,53,0,0,0,0,0,0,0,0,0,0, 
0,0,0,0,0,0,0,4,0,0,0,0,0,16,0,0,0,0,70,34,0,0,0,0,0,36,0,0,0,0,0,17,0,0,0,0,8,0,12,0,0,0, 
77,128,373,315,306,73,89,93,206,318,302,20,487,902,1095,1533,1008,99,1167,1123,555,667,489,86,1298,867,285,180,183,8,1434,448,109,16,78,0,1691,162,0,11,49,0, 
56,63,193,28,31,0,11,124,193,0,173,0,300,2185,1402,45,229,45,976,2100,410,44,173,23,1304,1174,279,15,17,0,1534,434,126,9,0,12,318,104,0,0,0,0, 
0,0,74,0,0,0,0,0,0,0,0,0,0,0,0,0,0,0,2,0,0,0,0,0,22,0,0,0,0,0,0,0,0,0,0,0,0,0,0,0,0,0, 
0,0,0,0,0,0,0,0,0,0,0,0,0,0,0,0,0,0,0,37,0,0,0,0,0,0,0,0,0,0,0,4,0,0,0,0,0,0,0,0,0,0, 
0,0,0,0,0,0,0,0,0,0,0,0,0,0,0,0,0,0,0,0,0,0,11,0,0,0,0,0,0,0,0,0,0,0,0,0,0,0,0,0,0,0, 
0,0,0,0,6,0,0,0,0,0,0,0,0,56,36,0,0,0,0,0,20,0,0,0,0,0,0,0,0,0,19,0,0,0,0,0,0,0,0,0,0,0, 
0,0,0,0,0,0,0,0,0,0,23,0,0,52,0,0,0,0,15,0,0,0,0,0,0,0,0,0,0,0,0,39,0,0,0,0,39,0,0,0,0,0, 
0,0,0,0,0,0,0,0,0,0,0,0,0,31,10,0,0,0,0,0,80,0,0,0,10,0,0,0,0,0,35,0,0,0,0,0,21,0,0,0,0,0, 
0,0,0,0,0,0,0,0,0,0,0,0,0,0,0,0,0,0,0,0,0,25,0,0,0,0,0,0,0,0,0,0,0,0,0,0,0,0,0,0,0,0, 
0,0,0,0,0,0,0,0,0,0,0,0,0,0,0,0,0,0,22,0,0,0,0,0,0,0,0,0,0,0,0,11,0,0,0,0,0,0,0,0,0,0, 
0,0,0,0,0,0,0,0,0,0,0,0,0,0,0,0,0,0,0,0,0,0,0,0,0,0,0,0,0,0,0,0,0,0,0,0,0,0,0,0,0,0, 
0,0,0,0,0,0,0,0,0,0,0,0,0,0,0,0,0,0,0,0,0,0,0,0,0,0,0,0,0,0,0,0,0,0,0,0,0,0,0,0,0,0, 
0,0,23,0,0,0,0,0,0,0,0,0,0,0,0,0,0,0,11,9,0,0,0,0,0,29,0,0,0,0,69,0,0,0,0,0,0,0,0,0,0,0, 
0,0,0,0,0,0,0,0,0,0,0,0,0,6,0,11,0,0,0,0,0,0,0,0,8,0,10,0,0,0,0,0,0,0,0,0,0,0,0,0,0,0
***** 