2010 Education by Immigration status in Montana, race/ethnicity, gender, age 25+, wgtd 2008-12 ACS, SSDAN/U-Mich
5
RaceEth,Gender,AgeEduc,Immentry,EducAll
7,2,5,5,7
NhWhite, Black, Asian, Hispanic, AmIndian, NHOther,NHMulti
Male, Female
25-34,35-44,45-54,55-64,65+
Native,FB<1980,FB80-89,FB90-99,FB00-Current
0-9Yrs,10-12Yrs,HSGrad,SomeColl,CollGrad,Masters,PhD-Prof
2329,12501,7953,28226,1938,459,290,0,0,0,0,0,0,0,0,0,0,38,0,0,0,0,20,67,36,0,0,0,0,49,37,59,0,0,0, 
1593,14364,5439,24679,2714,914,603,6,30,0,220,0,0,0,0,7,0,31,0,0,0,0,0,0,168,20,0,0,0,11,0,151,0,0,83, 
2635,22133,8038,26854,3586,1374,913,11,53,46,113,6,40,0,0,51,0,133,16,46,28,0,25,0,64,6,0,27,0,11,0,26,79,0,0, 
1853,16653,6843,31228,4816,2135,1193,104,85,3,163,88,15,58,14,11,0,27,0,0,0,8,31,0,9,31,0,0,0,66,0,0,23,0,0, 
6565,20827,7362,21482,4554,1991,1747,180,220,152,340,38,101,36,0,0,0,0,0,0,0,0,0,0,38,0,0,0,0,0,12,0,0,0,17, 
1448,9288,5614,29586,3247,740,300,0,0,0,0,0,0,0,0,14,0,46,0,0,0,4,44,27,20,42,0,0,0,6,0,307,105,0,0, 
1361,10191,4894,26870,3888,968,333,0,0,56,63,20,0,0,5,0,0,59,0,14,0,31,36,0,185,72,0,0,0,107,6,72,26,21,26, 
2092,17011,8046,33279,4464,916,518,7,103,42,252,33,0,0,15,27,37,193,36,0,0,0,94,22,92,63,0,0,0,24,0,292,0,0,47, 
1338,17976,6391,30420,4872,798,903,19,120,92,345,145,0,4,162,33,0,58,0,0,0,42,17,56,79,33,7,0,0,26,0,0,0,35,0, 
5221,29943,9012,24495,3331,653,380,501,593,218,714,37,0,40,0,11,26,13,5,0,0,0,13,0,0,0,0,0,0,0,0,0,0,0,0, 
0,23,7,112,32,0,0,0,0,0,0,0,0,0,0,0,0,137,0,0,0,0,0,0,0,0,0,0,0,0,0,0,12,0,0, 
14,100,35,52,55,0,0,0,0,0,0,0,0,0,0,0,0,0,0,0,0,0,0,0,0,0,0,0,0,31,0,0,0,0,0, 
0,0,30,23,46,0,0,0,0,0,20,0,0,0,0,0,0,0,0,0,0,0,0,0,0,0,0,0,0,0,0,0,0,0,0, 
86,11,0,83,0,0,0,0,0,0,0,0,0,0,0,0,0,0,0,0,0,0,0,0,0,0,0,0,0,0,0,0,0,0,0, 
20,40,25,3,0,0,0,0,0,0,0,0,0,0,0,0,0,0,0,0,0,0,0,0,0,0,0,0,0,0,0,0,0,0,0, 
0,20,0,13,64,0,0,0,0,0,0,0,0,0,0,0,0,79,0,0,0,0,0,0,0,0,0,0,0,0,0,4,0,0,0, 
0,0,0,118,0,0,0,0,0,0,0,0,0,0,0,0,0,0,0,0,0,0,80,0,0,0,0,0,0,0,0,0,0,0,0, 
0,20,0,0,15,0,0,0,0,0,0,0,0,0,0,0,0,0,0,0,0,0,0,0,0,0,0,0,0,0,0,0,0,0,0, 
0,13,0,66,49,0,77,0,0,0,0,0,0,0,0,0,0,0,0,0,0,0,0,0,0,0,0,0,0,0,0,0,0,0,0, 
0,0,0,0,0,0,0,0,0,0,0,0,0,0,0,0,0,0,0,0,0,0,0,0,0,0,0,0,0,0,0,0,0,0,0, 
0,0,0,11,0,0,0,0,0,0,0,0,0,0,0,0,0,33,0,0,0,0,0,0,0,26,0,24,0,0,0,33,0,0,17, 
0,0,0,0,0,25,0,0,19,11,0,40,0,0,41,0,0,163,0,0,0,0,14,0,0,0,20,24,0,0,0,186,0,0,77, 
0,0,0,15,0,0,0,0,55,0,0,0,0,0,0,0,0,62,0,0,60,0,0,0,0,0,0,0,0,0,0,19,0,0,0, 
0,0,0,12,0,20,0,0,53,0,0,0,0,0,0,0,0,0,0,0,0,0,0,0,0,0,0,0,0,34,0,0,0,0,0, 
0,24,0,72,11,0,0,17,2,0,0,0,0,0,0,0,0,0,0,0,0,0,0,0,0,0,0,0,0,0,0,21,0,0,0, 
0,29,9,92,0,0,0,0,0,0,0,0,0,0,0,0,25,126,0,0,0,0,24,0,0,0,0,0,0,30,0,145,119,0,0, 
0,25,39,50,0,19,0,0,8,0,83,0,0,0,0,0,0,0,20,0,0,0,20,0,0,21,0,15,34,47,18,65,67,0,0, 
0,0,46,31,0,0,0,0,0,0,34,0,38,0,31,186,0,12,12,0,13,0,26,0,53,20,10,0,47,29,0,7,0,0,33, 
0,7,0,0,0,3,0,94,6,3,64,33,0,0,0,47,0,5,0,0,0,0,0,0,33,0,0,0,0,34,0,0,0,0,0, 
0,0,0,16,0,0,0,27,101,0,63,0,0,0,0,66,0,0,0,0,0,0,0,0,0,0,0,0,0,0,0,22,0,0,0, 
80,407,83,867,149,0,0,0,0,0,0,0,0,0,0,63,0,54,0,0,0,39,39,0,8,0,0,0,3,0,0,63,0,0,0, 
0,307,306,545,36,0,0,44,0,0,0,0,0,0,0,66,0,0,0,0,0,72,63,0,39,0,0,0,4,17,0,7,0,0,0, 
172,465,330,560,0,10,0,0,6,0,5,0,0,0,63,0,59,39,0,0,0,0,0,21,0,0,0,0,0,0,0,0,0,0,0, 
67,205,22,506,7,27,0,57,0,0,54,0,0,0,18,0,0,0,0,0,0,0,0,0,0,0,0,0,0,0,0,0,0,0,0, 
234,133,13,13,0,0,0,42,0,30,0,0,0,0,0,0,0,0,0,0,0,0,0,0,0,0,0,0,0,0,0,0,0,0,0, 
69,381,323,570,14,50,0,0,0,0,0,0,0,0,0,0,0,0,22,0,0,27,0,0,0,0,0,0,0,0,0,0,0,0,0, 
56,447,149,791,9,0,26,0,0,0,0,0,0,0,7,0,0,23,0,0,0,0,0,17,24,0,0,0,31,0,0,31,5,0,0, 
34,396,215,576,32,0,0,52,0,0,101,0,0,0,0,0,0,14,10,0,0,123,10,0,0,0,0,0,4,0,0,42,40,0,0, 
165,338,141,376,27,9,8,43,97,37,6,0,0,0,0,9,0,5,0,0,0,63,0,0,0,0,0,0,0,0,0,0,0,0,0, 
229,322,63,56,54,18,0,101,0,33,28,0,0,0,0,0,0,0,0,0,0,0,0,0,0,0,0,0,0,24,0,0,0,0,0, 
250,1263,1079,1935,4,0,0,0,0,0,0,0,0,0,0,0,0,0,0,0,0,0,0,0,0,0,0,0,0,0,0,0,0,0,0, 
286,1062,504,1432,32,0,0,0,0,0,0,0,0,0,0,0,0,0,0,0,0,0,0,30,0,0,0,0,0,0,0,0,21,0,0, 
163,1373,690,1639,137,14,9,0,0,0,0,0,0,0,0,0,0,0,0,0,0,0,0,32,0,0,0,0,0,0,0,0,0,0,0, 
568,633,453,1042,27,29,0,0,0,0,11,0,0,0,0,0,0,0,0,0,0,0,0,0,0,0,0,0,0,0,0,0,0,0,0, 
451,357,211,547,57,0,31,3,0,0,0,0,0,0,0,0,0,0,0,0,0,0,0,0,0,0,0,0,0,0,0,0,0,0,0, 
372,870,1363,2100,8,23,0,0,0,0,0,0,0,0,0,0,0,35,0,0,0,0,0,0,0,0,0,0,0,0,0,28,0,0,0, 
640,829,537,1656,184,5,8,0,0,0,0,0,0,0,0,0,0,0,0,0,0,0,0,0,0,0,0,0,0,0,0,19,0,0,25, 
472,607,292,2620,135,0,0,0,55,0,28,0,0,0,0,0,0,0,0,0,0,0,0,0,0,0,0,0,0,0,0,0,0,0,0, 
472,695,357,1220,73,0,0,0,6,0,0,0,0,0,0,0,0,0,0,0,0,0,0,0,0,0,0,0,0,0,0,0,0,0,0, 
684,515,231,794,132,0,0,0,11,0,0,0,0,0,26,0,0,0,0,0,0,0,0,0,0,0,0,0,0,0,0,0,0,0,0, 
0,9,45,0,0,0,0,0,0,0,0,0,0,0,0,0,0,0,0,0,0,0,0,0,0,0,0,0,0,0,0,0,0,0,0, 
0,24,0,27,0,0,0,0,0,0,0,0,0,0,0,0,0,0,0,0,0,0,0,0,0,0,0,0,0,0,0,0,0,0,0, 
0,0,0,5,28,0,0,0,0,0,0,0,0,0,0,0,0,0,0,0,0,0,0,0,0,0,0,0,0,0,0,0,0,0,0, 
0,0,0,0,0,0,0,0,0,0,0,0,0,0,0,0,0,0,0,0,0,0,0,0,0,0,0,0,0,0,0,0,0,0,0, 
0,0,0,0,5,0,0,0,0,0,0,0,0,0,0,0,0,0,0,0,0,0,0,0,0,0,0,0,0,0,0,0,0,0,0, 
0,30,0,75,0,0,0,0,0,0,0,0,0,0,0,0,0,0,0,0,0,0,0,0,0,0,0,0,0,0,0,0,0,0,0, 
0,0,26,0,0,0,0,0,0,0,0,0,0,0,0,0,0,0,0,0,0,0,0,0,0,0,0,0,0,0,0,0,0,0,0, 
0,64,0,28,0,0,0,0,0,0,0,0,0,0,0,0,0,0,0,0,0,0,0,0,0,0,0,0,0,0,0,0,0,0,0, 
0,0,3,0,0,0,0,0,0,0,0,0,0,0,0,0,0,0,0,0,0,0,0,0,0,0,0,0,0,0,0,0,0,0,0, 
0,0,0,0,0,0,0,0,0,0,0,0,0,0,0,0,0,0,0,0,0,0,0,0,0,0,0,0,0,0,0,0,0,0,0, 
43,507,149,503,0,0,0,0,0,0,0,0,0,0,0,0,0,0,0,0,0,0,0,0,13,0,0,0,0,0,0,0,0,0,0, 
68,234,117,465,52,35,38,0,0,0,0,0,0,0,0,0,0,0,0,0,0,0,0,0,0,0,0,0,0,0,0,33,0,0,0, 
28,324,217,350,0,0,27,0,0,0,0,0,0,0,0,0,0,0,0,0,0,0,0,0,0,0,0,0,0,0,0,7,0,0,0, 
4,101,193,308,36,20,0,0,0,0,8,0,0,0,0,0,0,0,0,0,0,0,0,0,0,0,0,0,0,0,0,0,0,0,0, 
32,252,46,137,8,0,0,0,0,0,0,0,12,0,0,0,0,0,0,0,0,0,0,0,0,0,0,0,0,0,0,0,0,0,0, 
41,201,397,538,4,0,6,0,0,0,0,0,0,0,0,23,0,0,0,0,0,0,0,0,0,0,0,0,0,16,0,0,0,0,0, 
52,217,195,503,9,12,0,0,0,0,0,0,0,0,0,0,0,0,0,7,0,0,0,0,0,0,0,20,0,0,0,0,0,0,0, 
89,153,367,391,4,0,0,0,0,0,0,0,0,0,0,0,0,0,0,0,0,0,0,0,0,0,0,0,0,0,0,0,33,0,0, 
12,165,43,394,71,0,10,0,0,0,0,0,0,0,0,0,0,0,0,0,0,0,0,0,0,0,0,0,0,0,0,29,0,0,0, 
13,245,79,235,0,0,0,0,0,0,8,0,0,0,0,0,0,0,0,0,0,0,0,0,0,8,0,0,0,0,0,0,0,0,0 
*****