2010 Education by Immigration status in Wisconsin, race/ethnicity, gender, age 25+, wgtd 2008-12 ACS, SSDAN/U-Mich
5
RaceEth,Gender,AgeEduc,Immentry,EducAll
7,2,5,5,7
NhWhite, Black, Asian, Hispanic, AmIndian, NHOther,NHMulti
Male, Female
25-34,35-44,45-54,55-64,65+
Native,FB<1980,FB80-89,FB90-99,FB00-Current
0-9Yrs,10-12Yrs,HSGrad,SomeColl,CollGrad,Masters,PhD-Prof
6684,81418,33133,147694,11755,3220,1601,0,43,0,43,0,0,0,0,112,0,199,29,0,0,25,314,0,466,266,0,14,18,406,156,1054,293,18,235, 
7100,91503,29790,144062,20072,4957,2791,38,134,52,235,50,0,7,25,67,0,180,99,63,36,315,207,107,439,264,65,112,0,107,40,910,401,0,365, 
11453,138629,45462,154025,20461,7286,3118,33,477,100,629,123,44,29,6,86,70,472,103,63,227,157,376,61,665,131,112,117,0,128,27,256,280,144,69, 
9335,106168,32091,131385,23562,9260,4456,265,1153,256,1640,411,159,108,7,106,43,141,141,17,144,0,74,22,174,78,0,49,39,163,23,254,143,0,0, 
38960,126068,33116,83126,20443,8098,5578,1178,1852,835,2210,284,414,393,9,105,0,79,49,0,21,8,95,0,0,50,26,25,25,143,0,45,0,0,10, 
4321,52594,26747,164867,20822,3786,1962,0,0,0,8,9,0,0,14,0,50,189,0,36,0,21,196,0,498,151,50,54,122,386,156,1424,556,31,54, 
4674,69804,29164,157454,26567,4483,2634,0,292,38,309,155,0,34,0,21,136,242,114,44,54,8,236,20,623,231,54,84,0,245,14,622,225,43,57, 
7036,121265,42788,175111,27391,4296,2024,90,340,216,885,77,5,4,6,189,77,517,157,0,19,145,276,106,629,210,28,51,27,152,87,493,96,84,0, 
6563,114388,32099,130435,27521,2832,2507,70,1609,236,1501,270,6,154,7,148,27,208,14,0,6,0,92,58,288,72,0,64,22,140,45,52,99,34,0, 
44076,208375,31980,99776,17029,2015,1992,2688,5056,860,2332,380,55,75,68,139,0,69,43,40,0,154,132,22,142,0,126,63,219,94,12,18,0,0,0, 
1869,7727,4867,6779,491,111,0,0,0,0,0,0,0,0,0,25,0,0,0,0,0,30,31,0,132,0,36,0,54,368,0,465,21,84,11, 
1776,9010,3497,6608,442,180,80,0,49,0,23,0,0,0,13,0,11,193,0,0,0,0,75,0,85,79,55,0,217,172,18,151,148,49,0, 
2557,9055,2253,6656,264,84,88,0,0,0,28,33,0,0,86,0,14,258,18,27,0,0,0,0,133,0,0,19,0,44,74,44,27,0,0, 
1545,4264,1618,4919,311,133,61,0,0,0,180,19,0,58,25,14,61,0,85,0,46,23,16,0,0,48,0,0,0,0,0,0,18,0,0, 
2460,3305,419,1543,205,91,85,0,0,0,14,41,0,65,0,0,32,0,0,0,0,0,0,0,68,0,0,0,43,0,0,0,0,0,0, 
1478,8159,2536,12006,631,163,57,0,23,0,0,0,0,0,0,0,0,0,0,0,0,59,0,0,132,30,0,0,211,60,20,482,62,28,28, 
1066,7673,2398,9754,1293,246,86,0,0,0,24,44,27,0,0,0,0,17,0,0,0,57,204,0,166,29,0,43,131,75,53,97,0,34,0, 
1910,8150,3077,7858,746,133,82,35,16,0,40,76,0,0,0,0,0,66,0,0,41,0,18,0,83,61,0,45,0,54,20,68,0,0,0, 
1936,5342,1575,5481,987,37,175,0,0,0,14,66,0,0,0,35,0,102,0,0,0,30,0,0,38,0,0,0,83,0,0,0,0,80,0, 
3093,5033,1141,2305,461,0,29,94,0,0,28,0,0,6,26,0,0,45,0,0,0,97,0,33,0,0,0,0,0,15,0,0,0,0,0, 
53,653,241,1561,194,124,18,0,23,132,371,0,0,0,31,504,290,1131,85,16,0,190,721,226,777,156,0,0,418,212,192,1984,1726,62,403, 
0,125,93,229,100,132,86,148,93,70,916,76,102,87,49,298,314,775,165,10,69,490,383,201,856,763,183,447,135,70,140,609,463,77,329, 
25,36,91,185,23,86,0,86,115,122,278,103,0,0,455,275,268,570,328,47,216,155,193,164,131,340,221,183,220,26,0,165,156,53,250, 
0,29,12,212,36,20,30,163,168,25,438,103,190,138,393,130,12,179,67,33,42,177,93,86,161,56,4,26,203,32,0,110,84,0,49, 
38,31,0,46,101,45,3,49,175,0,212,64,236,114,417,82,0,13,32,0,23,171,62,0,49,0,0,0,59,96,0,267,57,0,0, 
97,553,418,1870,314,15,46,0,173,0,100,65,56,0,0,450,226,1456,147,4,0,100,490,17,618,52,87,119,317,447,92,2168,1810,38,80, 
31,112,27,406,163,71,0,58,82,54,701,132,105,27,319,439,167,425,12,12,0,681,489,7,1291,552,236,119,280,756,55,1002,685,82,229, 
45,11,0,289,198,93,0,156,204,48,429,55,24,0,768,339,145,777,283,52,64,468,167,199,436,347,95,77,112,235,112,373,194,37,47, 
13,82,155,82,37,18,49,522,380,218,317,93,110,70,483,99,10,212,24,0,53,392,67,12,270,145,0,0,112,257,0,270,8,0,0, 
21,0,0,52,34,0,16,292,476,47,276,92,16,49,320,89,19,20,26,0,0,207,74,48,0,18,0,0,194,255,11,269,10,0,28, 
1629,5367,2429,4354,59,44,0,0,45,17,117,0,0,0,149,641,115,315,0,0,0,2248,2549,453,524,39,0,0,3949,3194,290,1267,21,23,55, 
1324,2765,945,3527,308,85,16,170,149,156,329,30,0,84,2180,733,237,551,50,0,39,3132,1808,338,822,211,21,20,2660,1311,35,304,175,24,0, 
1021,2332,974,2359,383,97,20,383,623,149,447,47,0,28,1210,518,123,183,146,0,31,1027,753,62,499,18,0,0,1253,497,97,421,0,0,0, 
797,1201,705,1067,211,44,73,769,365,359,336,167,10,23,223,102,101,13,28,24,13,200,297,114,13,0,0,0,443,110,24,127,15,0,0, 
1082,792,463,328,124,11,89,376,139,4,79,9,31,154,60,13,0,0,0,0,30,177,45,0,0,0,0,0,132,0,0,71,0,0,0, 
1299,3986,2041,6113,291,148,160,30,0,0,98,0,0,0,108,144,179,304,28,0,0,1681,1175,377,648,43,0,94,3180,2374,153,1519,15,54,13, 
951,2772,1338,3393,722,270,31,145,0,145,195,56,0,0,1054,616,71,215,7,0,0,2178,1443,535,765,99,0,20,1916,1318,149,678,113,50,29, 
915,2263,1239,2243,159,45,6,356,264,52,228,16,0,68,608,269,58,452,81,0,0,827,649,26,197,67,0,0,1135,474,127,346,0,0,0, 
654,1431,777,1154,235,7,0,399,206,81,314,54,20,0,115,0,0,60,39,24,0,328,195,0,17,22,0,0,457,182,0,196,0,0,0, 
1027,1481,312,405,141,74,40,503,177,52,167,0,36,45,163,0,0,14,0,0,0,112,65,0,14,0,93,0,76,275,0,48,0,93,0, 
207,1083,975,1013,5,0,15,0,0,0,0,0,0,0,0,0,0,92,0,0,0,0,0,0,0,0,0,0,0,10,0,26,0,0,0, 
286,747,722,1360,262,21,0,0,0,0,0,0,0,0,0,17,0,0,0,0,0,0,0,0,0,0,0,0,0,0,0,0,12,0,0, 
327,1489,701,1686,50,83,0,0,0,0,0,0,0,0,22,0,0,0,0,0,0,0,0,0,0,0,0,0,0,12,0,0,0,0,0, 
206,546,612,697,98,8,34,0,0,0,0,0,0,0,0,0,0,0,0,0,0,0,0,28,0,0,0,0,0,0,0,0,0,0,0, 
208,515,167,277,38,14,0,18,0,0,37,0,0,0,0,0,0,0,0,0,0,0,0,0,0,0,0,0,0,0,0,0,0,0,0, 
180,850,615,1477,4,0,12,0,0,0,0,0,0,0,0,0,0,0,0,0,0,16,31,0,0,0,0,0,0,0,0,0,41,0,0, 
61,849,774,2082,75,52,0,0,0,0,0,0,0,0,0,0,0,0,0,0,0,0,0,32,0,0,0,0,17,20,0,39,0,0,0, 
216,1050,585,1630,139,30,0,0,68,0,0,0,0,0,0,7,0,0,0,0,0,0,0,0,0,0,0,0,0,0,0,0,0,0,0, 
57,495,594,914,195,7,58,0,0,0,0,0,0,0,0,0,0,0,0,0,0,16,0,0,0,0,0,0,0,0,0,0,0,0,0, 
499,605,188,488,24,10,26,0,0,0,0,0,0,0,0,0,0,0,0,0,0,0,0,0,0,0,0,0,23,0,0,0,0,0,0, 
0,16,35,101,0,0,0,0,0,0,0,0,0,0,0,0,0,0,0,0,0,17,0,0,0,0,0,0,0,0,0,79,0,28,0, 
0,0,29,34,7,0,0,0,0,0,0,0,0,0,0,0,0,0,0,0,0,0,0,0,31,0,0,0,0,0,0,0,0,0,0, 
0,58,0,110,0,0,0,0,0,0,50,0,0,0,0,0,0,0,0,0,21,0,0,0,0,0,0,0,0,0,0,0,0,0,0, 
0,32,0,22,6,0,0,0,0,0,0,0,0,0,0,0,0,0,0,0,0,0,0,0,0,0,0,0,0,0,0,0,0,0,0, 
3,0,0,6,0,0,0,0,0,0,0,0,0,0,0,0,0,0,0,0,0,0,0,0,0,0,0,0,0,0,0,0,0,0,0, 
0,42,0,170,26,0,0,0,0,0,0,0,0,0,0,0,0,0,0,0,0,18,0,0,0,0,0,0,0,0,0,0,0,0,30, 
0,0,0,123,0,0,0,0,0,0,0,0,0,0,0,0,0,0,0,0,0,0,7,0,35,0,0,0,0,0,0,59,0,0,0, 
48,0,0,168,28,0,36,0,40,0,0,0,0,0,0,0,0,0,0,0,31,0,0,0,0,0,0,0,0,22,0,0,0,0,0, 
0,15,7,42,0,0,0,0,3,0,0,0,0,0,0,0,0,0,0,0,0,0,0,0,0,0,0,0,0,0,0,0,0,0,0, 
22,0,0,4,0,0,0,0,0,0,33,19,0,0,0,0,0,0,0,0,0,0,0,0,0,0,0,0,0,0,0,0,0,0,0, 
78,1400,1230,2162,175,83,10,0,0,0,79,0,0,0,0,0,18,17,0,0,0,0,0,45,0,0,0,0,0,0,41,35,0,0,0, 
139,653,569,1755,66,123,133,0,0,0,69,0,0,0,0,0,0,0,0,0,0,0,0,0,25,0,0,0,41,36,0,155,0,0,0, 
182,956,224,915,42,30,0,0,33,0,0,41,0,0,0,0,0,14,0,0,0,0,0,0,0,0,20,0,24,0,0,0,0,0,0, 
151,482,69,675,126,0,65,8,0,0,84,0,0,0,0,0,0,10,46,0,0,0,0,0,0,17,0,0,0,0,0,0,0,0,0, 
113,472,111,363,28,0,0,60,0,0,3,0,0,0,0,0,0,0,0,0,0,0,0,0,0,0,0,0,0,0,0,0,0,0,0, 
48,972,889,2289,306,65,17,0,0,0,0,0,0,0,0,0,0,0,0,0,0,0,43,0,59,28,0,0,0,65,0,56,2,0,0, 
162,561,457,2011,236,65,2,0,0,0,160,0,0,0,0,0,58,0,0,0,0,0,0,0,12,0,28,0,0,0,0,32,0,0,12, 
232,636,394,1008,203,25,15,0,0,0,37,0,0,0,0,62,0,37,0,0,0,0,0,0,5,0,0,0,0,0,0,0,0,0,0, 
205,495,405,659,50,0,21,0,33,0,122,46,0,44,0,0,0,31,0,0,0,0,0,0,0,0,0,0,0,0,0,0,0,0,0, 
206,497,77,295,86,0,6,18,38,0,21,0,0,0,90,0,0,0,0,0,0,0,0,0,0,0,0,0,0,0,0,0,0,0,0 
*****