2010 Education by occupation in Montana, race/ethnicity, and gender for age 25+, wgtd 2008-12 ACS, SSDAN/U-Mich
5
AgeEduc,RaceEth,Gender,EducAll,Occup
5,7,2,7,6
25-34,35-44,45-54,55-64,65+
NhWhite,Black,Asian,Hispanic,AmIndian,NHOther,NHMulti
Male,Female
0-9Yrs,10-12Yrs,HSGrad,SomeColl,CollGrad,Masters,PhD-Prof
TopWC,OtherWC,Service,TopBC,OtherBC,Farm
85,97,112,379,26,132,80,307,537,1028,517,73,1077,1922,2627,5555,2557,295,3096,4308,3514,5300,2768,703,5600,3313,935,1354,869,372,1427,343,90,0,34,0,705,41,0,0,0,0, 
43,89,474,0,0,39,43,355,602,32,0,50,984,3473,4323,376,364,84,2893,7881,5389,287,398,195,7869,5165,1537,149,309,110,2422,724,194,0,20,34,710,196,75,0,0,0, 
0,0,0,0,0,0,0,0,0,0,0,0,0,23,0,0,0,0,0,0,12,25,6,0,0,50,0,0,137,0,32,0,0,0,0,0,0,0,0,0,0,0, 
0,0,0,0,0,0,0,0,0,0,0,0,0,20,0,0,0,0,0,82,0,0,0,0,10,0,4,0,0,0,0,64,0,0,0,0,0,0,0,0,0,0, 
0,0,0,0,0,0,0,0,0,0,0,0,0,0,0,0,0,0,0,0,0,11,0,0,66,0,0,0,0,0,0,0,26,0,0,0,41,0,0,0,0,0, 
0,0,0,0,0,0,0,0,0,0,0,0,24,25,29,0,34,0,51,150,0,0,0,0,105,0,25,0,0,0,76,0,0,0,0,0,0,0,0,0,0,0, 
0,12,24,28,31,14,0,0,35,0,1,10,32,11,209,251,33,14,201,315,19,177,0,7,65,95,62,0,0,51,149,0,0,0,0,0,0,0,0,0,0,0, 
0,0,96,0,0,0,0,0,0,0,0,0,12,163,323,125,0,0,110,117,109,0,0,0,67,150,27,0,0,0,14,0,22,0,0,0,16,0,34,0,0,0, 
0,0,7,10,0,28,26,55,220,68,172,9,97,54,645,355,216,26,308,338,632,507,168,50,73,86,69,0,0,0,0,4,0,0,0,0,0,0,0,0,0,0, 
0,27,75,0,37,0,10,65,174,0,14,0,50,510,561,0,290,0,169,631,477,8,30,119,228,285,68,0,0,55,8,0,0,0,0,0,23,0,0,0,0,0, 
0,0,0,0,0,0,0,0,0,0,0,0,0,0,0,0,54,0,0,0,0,0,0,0,0,0,0,0,0,0,0,0,0,0,0,0,0,0,0,0,0,0, 
0,0,0,0,0,0,0,30,0,0,0,0,0,0,0,0,0,0,0,0,24,0,0,0,0,51,0,0,0,0,0,0,0,0,0,0,0,0,0,0,0,0, 
0,0,43,0,0,0,0,11,0,19,34,0,0,13,48,382,22,5,17,128,154,102,16,0,51,13,0,56,0,36,0,0,0,0,0,0,0,0,0,0,0,0, 
0,0,0,0,0,0,0,49,36,0,0,0,0,134,75,0,0,0,69,331,247,17,0,0,116,23,0,0,0,0,4,0,0,0,0,0,6,0,0,0,0,0, 
224,18,70,213,169,96,91,119,513,530,238,20,2334,2078,1695,5543,3548,390,2611,3185,2039,4668,2072,719,5809,3069,1025,1073,501,151,2077,462,3,39,30,55,1470,0,6,0,0,0, 
67,76,330,10,22,0,69,187,496,5,44,0,1226,4154,3776,340,866,111,3425,8051,3460,440,175,62,6794,4229,1015,10,95,48,2697,698,106,0,110,0,1197,16,56,0,0,16, 
0,0,0,14,0,0,0,31,0,0,0,0,0,0,100,0,0,0,0,0,0,43,0,0,14,19,0,0,0,0,55,0,0,0,0,0,0,0,0,0,0,0, 
0,0,0,0,0,0,0,0,0,0,0,0,0,0,80,0,0,0,0,91,0,0,0,0,0,27,0,0,0,0,0,0,0,0,0,0,0,0,0,0,0,0, 
15,0,0,0,0,0,0,0,26,0,0,0,0,19,25,0,0,0,47,13,50,112,38,0,83,0,6,0,0,0,40,0,0,0,0,0,146,0,0,0,0,0, 
34,0,0,0,0,0,0,0,0,0,0,0,8,39,92,0,0,0,0,101,25,0,0,0,50,4,0,0,0,0,41,0,8,0,0,0,34,0,0,0,0,0, 
0,0,44,0,42,26,0,0,0,0,0,0,60,73,40,263,43,24,28,116,81,183,0,7,18,0,26,55,6,27,36,0,0,0,0,0,0,0,0,0,0,0, 
0,48,8,31,0,0,0,0,0,0,0,0,57,172,206,10,12,0,45,192,63,0,0,0,172,94,134,0,0,0,14,0,0,0,0,0,26,0,0,0,0,0, 
39,0,34,0,46,0,29,70,112,33,31,34,40,41,222,187,277,15,282,240,330,304,153,73,103,67,52,0,0,0,53,0,0,0,0,0,0,0,0,0,0,0, 
0,13,170,0,0,0,14,242,227,0,0,0,32,177,402,0,4,0,239,451,362,7,48,8,124,129,32,7,0,0,150,29,5,0,0,0,38,0,0,0,0,0, 
0,0,0,0,0,0,0,0,0,0,0,0,24,0,0,0,0,0,0,27,0,0,0,0,0,0,0,0,0,0,0,0,0,0,0,0,0,0,0,0,0,0, 
0,0,0,0,0,0,0,0,0,0,0,0,0,0,26,0,0,0,0,0,0,0,0,0,0,0,0,0,0,0,0,0,0,0,0,0,0,0,0,0,0,0, 
0,0,0,26,0,0,0,0,42,60,0,0,0,69,0,3,70,0,51,76,170,13,136,0,79,0,15,0,33,0,36,16,0,0,0,0,73,0,0,0,0,0, 
0,0,52,0,0,0,0,0,30,0,0,0,80,60,88,0,0,0,126,215,13,0,0,12,82,23,35,0,0,4,9,0,0,0,0,0,39,0,0,0,0,0, 
116,189,147,555,246,61,105,255,447,1130,426,136,2852,3539,2391,7727,4426,1041,4014,4262,2530,5131,3053,687,4961,2375,798,1048,463,253,2125,878,42,153,92,14,2027,152,31,4,0,7, 
53,136,369,0,85,14,96,543,778,59,100,0,2420,7922,5082,369,709,175,4720,11160,4374,334,611,326,7201,4970,912,127,312,86,3108,1016,173,0,0,37,1060,281,24,0,0,0, 
0,0,0,0,0,0,0,0,0,0,0,0,0,0,0,0,0,0,0,17,23,20,0,0,0,0,0,0,0,0,0,0,46,0,0,0,0,0,0,0,0,0, 
0,0,0,0,0,0,0,0,0,0,0,0,0,0,0,0,0,0,0,0,0,0,0,0,0,0,0,0,0,0,15,0,0,0,0,0,0,0,0,0,0,0, 
0,0,0,0,0,0,0,0,0,0,0,0,0,0,0,55,0,0,0,0,0,0,0,0,62,0,15,0,0,0,0,0,0,0,0,0,60,0,0,0,0,0, 
11,0,20,0,0,0,0,0,0,123,0,0,0,26,63,0,29,0,0,27,75,0,0,0,16,19,31,0,0,0,12,0,0,0,0,0,46,38,0,0,0,0, 
6,0,81,0,0,19,0,106,23,6,19,0,26,106,90,274,214,0,185,128,46,102,42,18,108,19,93,0,0,0,0,0,0,0,0,0,10,0,0,0,0,0, 
0,0,132,0,56,13,10,0,99,0,0,0,0,155,126,0,15,0,115,407,160,19,0,0,102,0,61,0,0,0,59,23,0,0,0,0,0,0,0,0,0,0, 
0,0,18,17,27,0,35,7,86,40,2,17,73,121,241,299,359,52,233,216,209,405,138,18,144,81,97,32,85,0,109,28,0,0,0,0,15,0,0,0,0,0, 
0,0,54,0,0,0,0,8,258,0,0,0,14,213,274,0,9,10,452,569,580,35,24,0,264,294,14,0,0,0,52,83,0,0,0,0,0,0,0,0,0,0, 
0,0,0,0,0,0,0,0,0,0,0,0,0,0,0,0,0,0,0,0,0,0,0,0,0,0,0,5,0,0,28,0,0,0,0,0,0,0,0,0,0,0, 
0,0,0,0,0,0,0,0,0,0,0,0,0,5,0,0,0,0,0,0,0,0,0,0,0,28,0,0,0,0,0,0,0,0,0,0,0,0,0,0,0,0, 
28,0,0,0,0,0,0,0,0,0,0,9,53,6,66,106,160,4,47,74,15,154,55,0,37,39,0,0,0,0,0,0,0,0,0,0,27,0,0,0,0,0, 
0,0,0,0,0,0,0,0,23,0,0,0,4,94,175,27,7,0,28,149,19,42,14,0,210,0,0,0,0,0,0,4,0,0,0,0,0,0,0,0,0,0, 
47,109,117,109,248,150,76,274,183,473,399,115,1891,1975,2341,4496,3653,571,3808,4923,1943,4379,2530,1000,5607,3047,1288,1278,757,465,2933,1336,42,29,107,19,2519,261,92,34,64,22, 
29,92,128,0,40,0,82,273,558,8,93,0,1535,7060,3509,499,710,205,4622,8926,3101,129,525,184,5873,4313,655,160,131,118,3017,1159,171,45,17,23,1368,123,96,7,0,0, 
33,0,0,0,53,0,0,0,0,0,0,0,0,0,0,11,0,0,0,0,83,0,0,0,0,0,0,0,0,0,0,0,0,0,0,0,0,0,0,0,0,0, 
0,0,0,0,0,0,0,0,0,0,0,0,0,13,0,0,0,0,0,54,0,0,0,0,0,0,0,0,0,0,0,49,0,0,0,0,0,77,0,0,0,0, 
0,0,0,0,0,0,0,0,4,0,0,0,0,0,0,49,0,0,0,0,0,12,0,0,0,0,0,0,0,0,0,0,0,0,0,0,20,0,0,0,0,0, 
0,0,73,0,0,0,0,0,0,0,0,0,0,43,20,0,0,0,0,0,0,0,0,0,0,77,0,0,0,0,0,0,0,0,0,0,3,0,0,0,0,0, 
55,0,7,0,41,27,0,12,0,14,0,83,0,0,25,36,0,0,100,175,9,27,24,0,71,0,0,0,0,0,0,0,0,0,0,0,27,0,0,0,0,0, 
28,0,0,0,0,0,0,15,43,0,0,0,83,105,161,0,6,0,57,127,56,0,0,0,82,52,0,0,0,0,27,0,0,0,0,0,9,0,0,0,0,0, 
60,0,11,0,41,0,6,0,68,24,100,9,95,34,92,125,122,8,219,81,142,58,144,32,105,9,0,0,0,0,17,6,0,0,4,0,29,0,0,0,0,0, 
0,37,44,0,0,0,0,44,149,0,0,0,134,409,165,0,0,4,136,441,202,19,0,0,141,111,45,0,0,0,29,39,0,0,0,0,0,0,0,0,0,0, 
0,0,0,0,0,0,0,0,0,0,0,0,0,0,0,0,0,0,0,0,0,0,0,0,0,0,0,0,0,0,0,0,0,0,0,0,0,0,0,0,0,0, 
0,0,0,0,0,0,0,0,0,0,0,0,0,0,0,0,0,0,0,3,0,0,0,0,0,0,0,0,0,0,0,0,0,0,0,0,0,0,0,0,0,0, 
0,2,0,0,0,0,0,0,0,0,12,0,0,0,18,4,77,0,86,71,53,32,22,0,16,4,43,12,0,0,36,0,0,0,0,0,20,0,0,0,0,0, 
0,0,0,0,0,0,0,0,0,0,0,0,0,34,73,13,0,0,0,50,0,34,0,0,40,54,0,0,0,0,0,71,0,0,0,0,10,0,0,0,0,0, 
361,158,203,209,361,160,219,175,68,288,479,56,1732,1237,716,1431,1874,564,1517,1616,700,1143,782,177,2760,1083,309,383,341,212,1268,465,64,93,165,31,1800,242,0,32,25,64, 
71,128,173,28,52,0,47,371,539,6,85,3,800,3482,1580,73,540,50,1645,3410,1531,44,560,89,1648,1365,294,0,31,41,558,376,29,0,0,0,327,42,0,0,0,0, 
0,0,0,0,0,0,0,0,0,0,0,0,0,0,0,0,0,0,0,0,0,0,0,0,0,0,0,0,0,0,0,0,0,0,0,0,0,0,0,0,0,0, 
0,0,0,0,0,0,0,0,0,0,0,0,0,0,0,0,0,0,0,0,0,0,0,0,0,0,0,0,0,0,0,0,0,0,0,0,0,0,0,0,0,0, 
0,0,0,0,0,0,0,0,0,0,0,0,0,0,0,0,0,0,0,0,0,0,0,0,0,0,0,0,0,0,0,0,0,0,0,0,0,0,0,0,0,0, 
0,0,0,0,0,0,0,0,52,0,0,0,0,0,0,18,0,0,0,42,0,0,0,0,0,0,0,0,0,0,0,0,0,0,0,0,0,0,0,0,0,0, 
0,0,57,18,38,0,0,0,0,0,0,9,0,0,18,0,0,0,0,0,0,0,13,0,0,0,0,0,0,0,0,0,0,0,0,0,0,0,0,0,0,0, 
0,0,37,0,0,0,0,0,14,0,0,0,0,0,70,0,0,0,0,27,33,14,3,0,0,0,0,0,0,0,6,0,0,0,0,0,0,0,0,0,0,0, 
29,0,13,44,65,0,90,0,0,0,0,0,26,74,0,13,7,8,87,31,37,40,0,30,84,0,0,0,0,0,36,0,0,0,0,0,0,0,0,0,0,0, 
11,53,64,0,0,0,0,0,42,0,0,0,3,51,132,0,5,0,135,91,5,0,0,0,117,9,0,0,0,0,92,6,0,0,0,0,0,0,0,0,0,0, 
0,0,0,0,0,0,0,0,0,0,0,0,0,0,0,0,0,0,0,0,0,0,0,0,0,0,0,0,0,0,0,0,0,0,0,0,0,0,0,0,0,0, 
0,0,0,0,0,0,0,0,0,0,0,0,0,0,0,0,0,0,0,0,0,0,0,0,0,0,0,0,0,0,0,0,0,0,0,0,0,0,0,0,0,0, 
0,0,0,0,6,0,0,0,0,0,0,0,22,0,14,28,0,0,4,58,25,0,0,0,0,0,0,0,0,0,0,0,0,0,8,0,0,0,0,0,0,0, 
0,0,0,0,0,0,0,0,0,0,0,0,0,65,0,0,0,0,18,0,31,0,0,0,0,0,0,0,0,0,0,0,0,8,0,0,0,0,0,0,0,0 
*****