2010 Education by occupation in Virginia, race/ethnicity, and gender for age 25+, wgtd 2008-12 ACS, SSDAN/U-Mich
5
AgeEduc,RaceEth,Gender,EducAll,Occup
5,7,2,7,6
25-34,35-44,45-54,55-64,65+
NhWhite,Black,Asian,Hispanic,AmIndian,NHOther,NHMulti
Male,Female
0-9Yrs,10-12Yrs,HSGrad,SomeColl,CollGrad,Masters,PhD-Prof
TopWC,OtherWC,Service,TopBC,OtherBC,Farm
284,500,824,2048,1147,250,439,1667,2280,5992,2564,335,6443,12935,11619,25526,17182,1075,17860,25245,17926,19788,9464,259,47884,23940,8207,3099,1598,180,18952,4277,618,396,256,0,9908,782,208,47,17,22, 
229,1248,1068,58,346,0,293,2837,2813,227,753,136,4875,23955,13893,1377,3632,471,19750,43438,20567,1773,2409,391,57719,29006,6976,509,430,290,32814,7197,1403,86,121,94,10814,869,261,23,0,0, 
44,402,978,881,859,132,90,1002,2162,1830,2481,204,1264,6175,7070,6156,8180,326,4919,9857,7255,4408,5800,87,6373,3884,1307,537,550,0,2107,583,59,48,18,0,527,38,47,0,40,0, 
205,787,590,10,115,0,160,2430,2796,195,671,0,1592,10901,8709,321,2129,107,6020,22039,10430,726,2001,11,8577,8578,1386,106,116,22,4141,2377,305,0,87,0,1384,153,39,0,0,0, 
29,0,147,77,53,0,9,194,210,186,166,0,200,1364,557,423,616,0,1322,2943,1084,1145,695,0,7899,3573,657,134,332,0,7130,1650,86,40,52,0,2019,131,104,0,0,0, 
36,116,287,22,13,0,94,181,154,0,66,8,243,1449,1205,120,147,21,1609,3389,1421,62,348,20,9007,4256,900,53,79,0,5809,1452,162,86,93,0,2784,229,14,0,0,0, 
420,518,4836,9120,1956,531,58,634,807,3100,909,99,836,1564,3271,7777,2678,517,2407,3845,2952,3855,991,0,3625,1385,919,1081,323,0,1717,317,210,31,35,0,574,51,18,58,0,0, 
228,1237,5849,689,530,89,88,802,1726,179,342,22,873,4060,4566,221,566,247,2421,5433,2969,242,97,65,4317,2680,1115,28,74,0,1986,528,184,0,0,0,470,193,106,13,0,0, 
0,0,90,51,23,0,29,22,0,69,21,0,1,133,155,104,68,0,0,113,146,133,0,0,136,43,99,0,17,0,63,0,0,0,0,0,4,11,0,0,0,0, 
0,0,216,0,29,0,20,153,0,0,0,0,8,45,238,0,18,0,89,212,44,0,0,0,104,64,78,7,0,0,0,28,28,0,0,0,0,15,0,0,0,0, 
0,0,0,0,12,0,0,0,0,0,0,0,0,28,0,78,73,0,19,230,44,48,54,0,95,178,53,0,43,0,168,17,42,0,0,0,0,0,0,0,0,0, 
0,31,0,43,22,0,0,38,0,0,0,0,20,94,124,0,0,0,16,151,30,0,20,0,105,270,98,0,0,21,103,15,0,0,0,0,36,0,0,0,0,0, 
0,116,40,110,26,0,0,50,34,159,76,0,117,487,451,531,305,49,591,1283,470,603,436,0,1567,782,40,76,55,0,659,86,0,0,0,0,200,16,0,0,0,0, 
0,82,40,15,0,0,63,29,114,0,94,0,242,820,426,0,47,0,709,1622,715,79,156,58,1591,1200,308,7,86,0,1069,357,39,0,0,0,439,17,18,0,0,0, 
457,625,858,3034,1532,149,1082,1426,1571,7413,3675,358,8990,14694,9301,28307,18519,1084,21563,23236,11701,18000,10301,318,44559,22056,6020,2995,1900,123,27771,7025,1609,537,629,25,16175,956,269,41,60,0, 
151,1368,1279,128,428,12,574,2328,2814,212,930,232,6846,29952,15146,1252,5286,416,25177,45781,15045,1075,3364,362,51722,24390,4365,300,551,415,33536,7680,1183,143,162,28,12376,1101,180,27,0,0, 
111,101,718,813,1017,213,300,764,1878,2415,2496,471,1964,5311,6509,7116,11771,333,4941,8198,4833,4249,5601,130,5529,3619,1168,430,966,42,3604,1597,325,153,162,0,1126,126,30,15,42,0, 
173,609,1093,113,536,0,287,1800,3032,156,924,0,2354,11305,9020,709,2870,117,8152,22411,8087,499,2124,0,8535,5821,1342,69,290,11,6867,2021,361,37,0,0,1768,176,46,0,0,0, 
90,174,375,185,128,19,108,287,241,157,177,0,241,613,887,723,468,0,1446,1829,648,1113,506,12,7301,3200,556,494,544,0,7919,1893,197,221,142,0,3487,338,126,37,0,0, 
73,195,738,51,94,0,56,232,604,0,111,0,195,1369,1727,53,348,0,1559,3076,1405,15,148,34,6960,4106,1089,0,180,0,5564,1908,341,0,38,0,2724,420,102,0,0,0, 
493,412,3275,8654,2255,675,197,309,980,1803,590,68,1014,1065,2304,4694,1685,196,1763,1825,1315,2654,760,6,2379,1390,724,1256,486,58,1556,376,162,255,0,0,1034,90,34,73,91,30, 
328,766,6265,190,872,121,77,451,1984,110,275,0,598,2858,4231,251,516,46,1803,3877,2300,163,180,67,3138,2268,1389,126,348,0,2234,644,328,0,66,0,658,35,53,0,0,0, 
0,0,112,140,0,0,0,2,38,27,0,0,68,62,114,96,98,0,174,58,115,196,91,0,81,58,0,0,0,0,136,0,0,0,0,0,16,0,48,0,0,4, 
14,0,69,0,34,0,0,0,144,0,0,0,73,123,129,60,14,0,154,436,109,39,29,10,61,98,104,18,10,0,23,23,0,0,0,0,66,27,0,0,0,0, 
0,0,34,16,0,0,0,0,0,0,0,0,0,15,63,57,66,0,0,27,23,59,46,0,111,98,0,0,28,0,119,0,0,0,0,0,150,12,0,0,0,0, 
0,0,17,0,0,0,0,38,16,0,0,0,10,78,45,19,0,0,35,131,15,0,0,0,29,93,41,0,0,0,214,0,0,0,19,0,107,0,0,0,0,0, 
11,42,13,134,46,0,35,29,125,167,74,0,140,276,184,418,354,0,499,1040,199,333,274,0,711,403,119,89,31,12,505,193,22,0,0,0,308,35,0,0,0,0, 
0,0,13,0,0,0,17,79,27,0,0,0,157,413,320,20,144,87,504,918,572,236,24,0,1474,572,106,22,0,0,819,202,64,0,0,0,259,8,59,0,38,0, 
682,825,1544,4765,2372,298,1607,1947,1681,9020,5238,588,12300,17293,9283,36126,22721,1237,27660,26147,10210,21297,11055,329,47261,20667,4413,3436,2254,271,35979,8247,1228,814,650,0,17193,1571,309,129,135,7, 
426,1678,2041,199,1094,27,707,3232,4289,436,1270,83,11075,42107,17851,2020,8736,935,35310,58662,13013,1500,4198,701,53544,27454,4215,507,595,352,33516,7147,1368,97,85,93,11105,1109,171,0,30,0, 
98,532,1234,1101,1609,193,313,692,3236,2750,4186,489,1831,5009,6518,8358,11168,719,4550,8052,5616,4941,5801,79,5043,2610,1116,744,889,0,3862,1069,558,87,199,0,1119,194,41,36,37,0, 
50,517,1742,100,515,78,270,1555,4519,191,1728,0,2470,10787,11602,565,4871,53,8361,19460,8584,676,2788,16,9089,5922,1284,98,325,0,5476,2153,220,0,87,0,1227,178,47,0,0,0, 
68,156,312,281,227,18,74,375,286,248,328,0,464,621,843,805,804,0,1056,1717,516,815,721,0,3499,2574,568,360,735,0,4093,1256,173,34,122,0,2395,236,43,40,0,0, 
59,281,1110,55,308,0,128,319,588,138,207,0,700,1529,1996,237,484,37,1310,2687,1666,116,312,0,3937,3222,1533,102,314,13,2460,833,242,0,0,0,1161,194,92,0,0,0, 
174,316,1729,3299,706,412,131,260,537,924,358,19,280,757,1372,2916,944,251,1277,1416,1168,2082,592,34,2119,1257,658,525,255,131,1286,407,109,65,104,0,866,125,19,142,29,0, 
25,346,2760,319,330,104,0,590,667,0,110,11,481,1602,3128,142,541,0,1791,3046,2112,24,519,0,2175,1655,1370,0,63,0,1525,518,151,0,0,0,416,78,110,0,0,0, 
0,0,69,126,38,0,0,34,15,25,70,0,61,88,67,115,111,0,106,146,34,74,34,0,36,23,0,0,7,0,54,14,0,0,0,0,29,0,0,0,0,0, 
0,15,31,0,0,0,0,14,11,0,25,0,35,160,288,2,98,0,184,376,94,0,9,0,95,88,0,0,0,0,33,11,0,0,0,0,10,32,15,0,0,0, 
0,0,0,0,0,0,0,0,0,0,0,0,67,0,69,30,0,9,17,73,39,76,31,0,138,20,37,0,0,0,149,18,18,0,0,0,14,0,0,0,0,0, 
0,0,0,0,0,0,0,0,0,0,0,0,0,0,14,0,0,0,49,54,122,14,0,0,95,18,64,0,0,0,82,0,0,0,0,0,34,0,0,0,0,0, 
0,0,38,11,0,0,0,79,105,125,180,18,156,159,249,591,432,3,469,454,312,220,246,0,710,378,74,96,15,0,417,76,22,16,23,0,229,0,14,0,0,0, 
9,67,44,0,0,0,0,74,39,0,61,0,236,331,297,14,75,22,697,1368,232,33,97,30,727,441,43,41,39,0,473,36,54,0,0,0,299,0,0,0,0,0, 
727,835,1531,4344,3597,494,1012,1180,1263,4783,3156,219,8242,13577,6896,18697,15020,769,20869,22072,6954,14517,10035,380,35628,17412,3638,3015,2636,141,33843,8092,1352,721,465,67,21235,2090,335,193,82,18, 
286,1465,2851,111,1170,57,539,3518,2601,379,1442,56,9266,37923,12635,1036,6023,272,25000,47009,8731,946,2841,249,35245,18155,2228,215,494,82,30217,8496,841,166,244,67,8383,1527,108,17,59,41, 
123,203,1349,1403,1723,414,88,489,1361,1862,2116,95,949,2623,4061,3942,7057,39,2789,4682,2467,2703,3879,131,2503,2092,641,209,736,0,2959,614,228,37,61,0,977,119,0,31,72,0, 
50,422,2358,176,487,12,165,1034,3156,210,903,0,1660,7195,7400,582,2532,14,5648,11467,4179,175,1509,0,4832,3223,560,0,124,0,3900,1145,181,0,27,0,1020,230,235,0,0,0, 
150,190,288,167,251,10,84,180,295,201,244,0,198,806,467,387,575,0,562,1290,837,423,560,0,2127,1321,289,256,350,0,1603,773,47,23,124,88,1278,132,40,10,0,24, 
128,191,588,89,267,0,31,272,601,37,196,0,414,1102,1912,98,555,10,678,1922,959,228,231,64,2094,1997,500,56,132,15,1217,295,113,11,0,0,666,226,31,0,14,0, 
38,50,790,1554,659,116,31,64,237,153,93,0,264,276,691,693,540,0,672,688,487,708,404,43,858,603,105,210,167,0,795,254,27,37,16,0,546,113,151,66,24,0, 
44,352,1633,82,81,0,16,82,445,0,85,0,150,846,1669,5,70,0,667,1282,861,8,173,0,665,581,102,0,19,0,607,117,31,0,0,0,256,49,54,0,0,0, 
0,0,11,21,22,0,0,28,11,25,19,0,1,20,48,35,182,0,132,0,9,72,80,0,54,47,0,20,20,0,55,36,21,0,0,0,23,0,0,0,0,0, 
19,0,0,0,0,0,10,0,24,0,19,0,0,161,102,0,62,4,76,182,101,0,5,0,12,31,40,32,0,0,23,23,51,0,0,0,79,0,0,0,0,0, 
0,0,48,43,0,0,0,0,0,0,0,0,0,26,0,10,17,0,24,28,16,0,0,0,23,28,0,0,0,0,111,0,0,0,0,0,0,23,0,0,0,0, 
0,0,0,0,0,0,0,0,0,0,0,0,0,0,108,0,0,0,57,15,0,0,0,0,15,79,0,0,0,0,0,16,0,0,0,0,24,26,0,0,0,0, 
0,36,13,61,21,0,0,27,22,3,27,0,92,125,55,105,157,12,229,186,174,214,129,0,345,286,0,60,70,0,237,172,41,0,21,0,333,0,0,0,0,0, 
10,0,40,10,27,0,0,51,0,0,25,0,97,324,108,0,20,0,198,493,211,0,58,0,411,138,52,0,0,0,326,162,71,22,0,0,124,34,0,0,0,0, 
1166,1276,1427,3090,3057,402,800,873,673,1894,2019,237,4409,7825,3610,6374,6843,523,7616,9546,3031,3406,4023,259,12420,7628,1424,921,1185,109,12847,4479,691,362,378,62,13202,1795,199,54,191,0, 
269,1637,2554,178,1113,36,352,2350,2217,183,956,27,3379,18007,6842,409,2742,171,8597,18883,3333,190,622,123,9061,6612,941,50,120,45,8051,2789,575,45,83,8,2620,730,83,0,10,0, 
213,393,794,827,1359,89,182,308,693,404,1189,24,322,926,1402,880,2099,41,513,1289,743,687,877,3,892,446,208,77,222,0,863,331,68,39,116,0,428,138,12,0,15,0, 
62,115,1964,55,411,0,21,405,2341,96,369,0,572,2173,3360,58,757,46,1094,2605,1508,80,206,0,1127,605,82,18,43,0,1163,272,35,0,26,0,289,111,2,0,0,0, 
31,44,150,81,110,0,34,65,211,46,79,0,108,329,346,252,165,0,94,468,298,306,202,0,561,405,325,117,85,0,838,196,39,92,70,0,1252,188,0,0,14,0, 
14,128,462,48,33,11,0,46,115,0,30,9,96,293,371,87,98,0,247,286,257,45,28,0,495,779,294,24,85,0,322,29,67,0,16,0,169,12,33,0,0,0, 
51,32,175,194,143,0,0,15,95,52,34,0,127,165,498,22,173,0,186,234,123,56,64,3,282,75,138,43,54,0,252,47,15,32,17,0,362,17,40,8,4,0, 
49,45,542,65,53,0,0,33,109,35,42,0,36,345,568,9,62,12,258,365,185,23,0,0,237,105,108,0,0,0,147,34,0,0,0,0,173,21,30,0,0,0, 
13,15,7,0,28,0,0,0,0,11,3,0,0,8,0,19,22,0,0,27,51,28,38,0,27,4,1,22,0,0,0,0,0,0,0,0,41,0,0,0,0,0, 
5,0,29,4,0,0,0,0,23,0,3,0,22,16,36,12,0,0,0,23,2,0,0,0,81,0,0,0,0,0,21,0,0,0,0,0,34,0,0,0,0,0, 
0,0,0,0,0,0,0,17,15,0,0,0,0,0,0,12,0,0,0,0,0,0,0,0,0,0,0,0,0,0,19,0,0,0,0,0,12,0,0,0,0,0, 
0,0,0,0,0,0,0,0,0,0,0,0,0,0,13,0,0,0,0,0,0,0,0,0,0,0,0,0,0,0,0,0,0,0,0,0,0,0,0,0,0,0, 
0,18,46,0,10,0,0,10,0,43,0,0,0,22,75,119,30,0,47,110,89,13,133,0,76,39,0,0,7,0,91,50,0,0,9,0,84,0,0,0,13,0, 
16,0,51,16,10,0,0,34,100,0,24,0,0,121,29,23,11,0,72,108,73,0,7,0,47,37,68,0,0,0,95,23,0,0,0,0,55,0,0,0,0,0
*****