2010 Education by Immigration status in Michigan, race/ethnicity, gender, age 25+, wgtd 2008-12 ACS, SSDAN/U-Mich
5
RaceEth,Gender,AgeEduc,Immentry,EducAll
7,2,5,5,7
NhWhite, Black, Asian, Hispanic, AmIndian, NHOther,NHMulti
Male, Female
25-34,35-44,45-54,55-64,65+
Native,FB<1980,FB80-89,FB90-99,FB00-Current
0-9Yrs,10-12Yrs,HSGrad,SomeColl,CollGrad,Masters,PhD-Prof
16990,110671,60524,201818,17866,5821,2198,28,9,0,98,17,31,0,0,235,153,852,109,75,0,696,1759,379,3002,677,232,65,484,1820,406,3532,1439,302,295, 
16729,130186,60105,209091,32653,8722,3609,217,521,341,1244,342,71,43,438,418,117,1334,360,166,120,1033,3009,486,2726,1295,565,461,604,2212,305,2894,1176,635,347, 
25302,194121,75419,231412,35999,11164,5302,878,1939,728,2834,711,125,101,330,1368,215,1830,894,237,341,846,1991,198,2659,846,189,243,784,1237,197,1987,610,58,196, 
20724,138673,59218,210102,41757,14528,6595,1029,3284,1354,4770,1131,456,254,172,628,61,1013,567,150,175,619,1099,40,1404,470,27,238,474,505,59,775,297,16,56, 
59573,169066,56383,147291,36327,13496,8543,4435,5903,1683,5580,1450,934,829,310,317,38,456,160,61,101,862,778,55,849,132,87,40,582,728,68,241,19,36,23, 
14125,80411,46090,226455,32152,5209,2227,0,87,0,136,38,0,0,120,128,146,817,132,28,0,395,1241,349,3017,514,30,62,1331,2053,191,5707,1139,281,273, 
11696,104629,51500,235767,45789,6606,3252,152,763,330,1406,371,59,19,272,713,276,1331,171,170,31,1142,2371,473,3229,519,119,175,1012,1743,199,3034,796,544,287, 
18005,182922,71818,263975,41322,6099,3508,669,1999,635,2868,609,115,153,500,984,259,1846,311,176,96,906,2250,158,2455,494,294,136,968,1387,234,2169,391,176,105, 
17894,171848,62009,199958,47583,6314,3433,1251,4068,1123,4453,896,145,151,607,642,153,1084,217,74,110,1210,759,386,1126,289,93,226,878,640,143,448,69,0,7, 
69527,308502,61339,152078,34517,3138,2851,7862,12341,2928,7165,1256,256,142,925,606,32,444,51,0,63,1475,626,90,522,114,143,43,1303,395,57,483,118,106,0, 
6853,27957,16717,25976,1713,273,97,0,0,0,19,0,0,0,0,0,21,81,0,24,0,17,45,0,473,170,21,0,274,257,259,1177,0,0,95, 
5064,31451,17485,29921,2321,401,91,0,7,0,133,17,86,0,47,96,0,269,77,75,17,19,242,38,233,265,0,0,100,94,65,492,253,0,191, 
7272,33811,13243,27977,2528,547,357,8,40,0,147,21,0,32,11,0,117,226,32,0,79,0,260,70,316,127,20,97,87,59,51,288,78,20,53, 
5331,23529,8761,23989,2985,729,403,0,146,0,229,203,50,156,36,12,0,152,15,0,45,20,116,0,131,56,21,0,75,14,0,63,12,0,0, 
12257,19748,4244,12276,2125,341,566,13,121,21,132,52,32,26,71,17,0,96,0,0,25,29,25,0,18,0,0,0,73,44,0,0,0,0,0, 
4375,25132,12540,44185,3193,545,181,0,8,0,0,0,0,0,0,44,0,91,53,0,0,24,130,102,254,47,0,0,121,475,184,649,169,59,0, 
4818,27865,12404,47210,5882,689,421,0,44,0,29,14,0,40,0,27,54,62,69,52,0,39,204,20,344,143,37,59,137,246,74,599,27,50,56, 
5497,28652,13456,44723,5853,803,423,0,0,0,135,34,0,0,40,26,0,173,92,59,60,135,142,50,261,128,0,0,148,144,38,320,127,0,0, 
5234,25712,10205,33752,6440,619,446,0,79,55,127,111,0,0,0,13,54,76,0,15,0,88,0,24,142,0,0,26,130,51,0,20,0,0,0, 
15702,32182,7727,19178,4113,377,494,84,201,20,273,25,0,0,9,0,12,19,0,0,0,46,38,51,0,0,0,0,221,41,0,0,0,0,27, 
12,443,295,1760,434,405,211,0,0,118,208,0,24,0,38,301,182,954,129,95,36,309,572,107,1816,702,66,177,262,414,29,4016,4054,786,754, 
32,0,23,1105,270,179,41,8,171,19,999,167,140,10,140,443,89,1012,621,125,43,313,1013,290,2299,2961,435,912,178,476,230,2903,2350,260,1010, 
118,108,73,318,132,94,0,198,119,113,870,146,200,53,545,502,156,842,1529,201,808,236,487,65,1048,1359,544,514,242,226,13,1062,501,108,263, 
82,38,76,343,110,23,29,121,224,88,710,556,573,252,273,300,93,655,506,229,167,264,594,45,1079,244,73,94,170,337,57,470,72,57,49, 
18,93,43,242,122,93,0,296,396,173,683,826,785,696,227,240,17,467,266,94,146,150,175,0,605,13,36,55,228,204,56,227,248,0,0, 
80,232,344,1626,451,546,0,0,30,0,276,68,12,0,89,266,142,955,107,139,58,159,773,115,1910,506,84,25,545,1403,247,6409,4118,587,631, 
16,66,87,776,314,289,48,86,158,51,984,380,115,78,219,567,107,1164,329,134,21,628,1060,300,3893,2255,551,344,478,944,155,4131,1415,181,436, 
29,171,161,518,370,18,45,230,358,107,721,303,157,25,523,489,371,1913,888,108,229,538,855,88,2259,867,195,176,567,513,116,1629,152,28,90, 
0,102,54,405,76,134,0,308,828,147,1887,618,290,60,347,673,93,1106,335,147,42,640,472,59,775,190,128,35,434,166,49,516,38,0,0, 
49,64,20,145,0,0,6,782,1040,213,1557,283,220,42,475,372,64,294,71,26,68,602,200,0,478,113,49,0,556,267,15,476,70,23,20, 
2329,6787,3153,6469,556,307,15,0,34,0,19,0,17,0,187,341,31,251,0,0,0,3006,1956,200,848,20,28,0,3643,2632,192,909,158,209,64, 
1702,5000,2167,5800,437,345,91,185,233,29,167,71,0,0,1965,502,220,544,204,40,0,3075,1675,475,997,72,27,79,1128,665,138,782,224,0,15, 
1574,3766,2166,4654,501,146,82,638,180,169,194,25,139,10,1591,590,127,195,150,4,0,984,358,81,366,125,45,27,515,257,109,252,34,32,51, 
1555,2981,1435,2645,343,107,73,592,329,194,421,52,66,23,438,62,15,154,50,17,0,132,56,120,151,29,0,0,170,161,17,144,0,0,0, 
2020,1606,505,1333,417,84,79,745,288,0,223,177,175,67,80,0,0,0,31,0,0,146,0,23,19,0,0,0,127,63,26,43,0,0,0, 
2086,5034,2484,8118,878,311,39,0,0,48,32,0,0,0,147,317,69,486,21,0,0,2590,1158,51,564,60,0,0,2960,1437,273,1573,179,35,0, 
1467,3365,2315,7470,1081,186,30,63,136,120,372,53,0,23,585,482,153,314,0,6,18,2327,877,296,1035,221,19,0,1341,806,452,476,107,81,27, 
1506,3637,1851,5745,560,118,107,401,325,115,349,101,46,12,685,346,145,439,101,80,0,833,357,0,429,120,26,0,594,153,14,323,56,14,11, 
1310,3204,1282,2495,363,39,50,693,209,186,562,0,0,0,273,75,89,89,14,0,0,408,93,19,183,0,0,0,237,56,0,101,0,0,0, 
2870,2545,628,1185,103,22,3,945,376,108,284,21,85,53,233,193,0,0,0,0,0,224,62,0,19,0,0,0,56,102,80,86,0,46,22, 
273,1046,965,971,133,42,0,0,0,0,59,0,0,0,0,13,0,9,0,0,0,0,0,7,0,0,0,0,48,28,36,128,0,0,0, 
359,1678,860,1244,36,0,0,0,27,18,0,0,0,0,0,0,0,0,0,0,0,18,22,0,0,0,0,0,71,0,16,43,0,0,0, 
324,1390,675,1305,50,38,27,16,5,17,0,0,0,0,0,29,0,0,5,0,0,0,0,0,0,0,0,0,0,0,0,0,0,0,0, 
259,840,492,1175,76,39,33,12,0,6,17,0,0,0,0,0,0,0,0,0,0,0,0,0,0,0,0,0,0,6,0,0,0,0,0, 
442,517,331,387,49,0,23,96,7,4,0,26,0,0,0,0,0,0,0,0,0,0,0,0,0,0,0,0,0,0,0,0,0,0,0, 
89,984,700,1395,180,23,14,0,0,0,0,0,0,0,0,0,0,29,0,0,0,0,0,0,0,0,0,0,0,17,14,11,0,0,0, 
177,941,786,1918,119,0,0,0,0,0,0,0,0,0,15,0,23,0,0,0,0,15,136,33,13,0,0,0,0,44,0,22,0,0,0, 
323,1441,662,1790,57,27,6,0,0,7,0,0,0,0,33,0,0,7,0,0,0,23,0,0,40,0,0,0,0,0,0,0,0,0,0, 
170,786,398,1091,208,0,15,0,103,0,24,0,0,0,0,0,0,0,0,0,0,0,0,0,0,0,0,0,0,0,0,0,0,0,0, 
581,761,262,545,44,19,0,48,131,0,9,0,0,0,0,0,0,0,0,0,0,39,0,0,0,0,0,0,19,0,0,0,0,0,0, 
0,178,22,215,25,15,15,0,0,0,0,0,0,0,0,52,0,0,0,0,0,0,0,0,25,29,0,0,0,0,0,13,36,24,0, 
0,6,112,249,72,21,18,0,0,0,17,0,0,0,0,0,14,32,0,0,0,0,0,0,145,19,0,27,0,0,0,52,39,0,0, 
14,14,26,121,18,16,24,0,0,0,16,34,0,0,0,0,0,0,0,0,0,0,0,0,38,34,0,0,0,54,0,0,0,0,0, 
0,0,12,304,32,0,0,0,0,0,0,16,0,0,0,17,0,0,0,0,0,0,0,0,0,0,0,0,0,0,0,0,0,0,0, 
19,74,0,24,82,0,27,0,0,0,0,15,0,0,0,0,0,0,0,0,0,0,0,0,0,0,0,0,0,0,0,0,0,0,0, 
81,78,2,432,76,0,0,0,0,0,0,0,0,0,0,0,0,0,0,0,0,0,0,0,111,0,0,0,0,17,0,180,33,0,0, 
0,23,65,351,38,0,0,5,0,0,0,0,0,0,0,0,0,0,0,0,0,0,0,0,19,0,0,0,20,73,0,71,0,0,0, 
16,55,50,263,41,17,0,0,0,0,0,0,0,0,0,15,0,39,0,0,0,0,0,0,85,0,0,0,0,14,0,0,0,0,0, 
0,7,53,102,17,0,0,0,0,0,0,0,15,0,0,0,0,0,0,0,0,0,0,0,0,0,0,0,0,0,0,0,0,0,0, 
0,83,0,113,40,0,0,0,0,0,0,53,0,0,0,0,0,0,0,0,0,0,0,0,0,0,0,0,0,70,0,0,0,0,20, 
747,2779,1955,3625,219,174,0,0,0,0,0,0,0,0,0,0,0,46,0,0,0,96,137,9,0,48,0,0,30,169,39,377,179,0,16, 
663,1968,1597,3542,590,95,52,0,16,27,0,0,0,0,21,35,30,0,5,30,0,100,135,40,83,0,0,0,30,38,19,71,9,0,56, 
354,2010,1037,2330,222,164,22,39,26,13,267,66,21,0,60,87,0,51,132,0,44,52,23,14,142,11,0,0,15,0,0,44,50,22,23, 
363,1510,568,1945,160,169,40,27,181,18,36,69,4,0,26,23,16,89,31,21,65,51,37,0,33,0,0,0,0,0,0,40,0,0,0, 
607,906,280,1065,127,5,33,48,14,31,112,55,31,53,0,9,0,59,0,0,0,54,25,0,80,0,0,0,42,0,0,20,0,20,0, 
969,1822,1364,5415,410,228,5,0,0,0,0,0,0,0,0,0,0,86,0,0,0,32,0,0,36,16,0,0,119,37,0,457,179,66,48, 
449,1160,1259,4601,741,221,113,0,24,18,160,0,26,0,72,0,0,58,3,0,0,86,50,58,248,68,0,15,68,7,0,140,0,21,42, 
457,1627,988,4258,428,21,80,0,9,37,128,0,0,0,23,29,24,57,0,0,24,15,68,0,161,13,0,0,72,95,0,66,21,0,0, 
226,1426,824,2274,295,28,48,75,48,0,149,16,23,0,0,0,0,34,57,0,0,60,0,0,16,0,0,0,70,6,20,32,0,0,0, 
863,1388,755,1395,333,0,24,194,104,0,115,16,0,0,43,0,0,13,0,0,0,40,53,83,0,0,0,0,12,40,31,22,0,0,0 
*****