2010 Education by Immigration status in Minnesota, race/ethnicity, gender, age 25+, wgtd 2008-12 ACS, SSDAN/U-Mich
5
RaceEth,Gender,AgeEduc,Immentry,EducAll
7,2,5,5,7
NhWhite, Black, Asian, Hispanic, AmIndian, NHOther,NHMulti
Male, Female
25-34,35-44,45-54,55-64,65+
Native,FB<1980,FB80-89,FB90-99,FB00-Current
0-9Yrs,10-12Yrs,HSGrad,SomeColl,CollGrad,Masters,PhD-Prof
4146,63741,28691,163302,13741,4549,1536,0,0,0,127,0,0,0,109,225,98,205,63,52,0,126,184,22,1218,100,0,35,179,537,162,1685,346,98,164, 
4350,62530,24885,154150,21156,6445,2705,20,201,41,342,131,76,0,0,29,26,416,36,59,32,49,242,155,1531,281,219,0,151,137,77,991,373,45,266, 
7337,105605,37265,166124,22290,8220,3899,29,281,93,495,278,66,165,0,220,13,447,244,68,46,77,159,74,1075,140,44,194,57,258,101,755,194,10,151, 
7432,79992,29712,131116,21820,10586,5266,0,306,268,1204,463,107,288,10,27,0,398,154,62,0,6,125,26,376,159,74,48,25,49,25,97,81,19,0, 
36031,95768,29568,86816,18938,9258,5262,506,800,397,1162,244,249,316,0,84,0,76,92,0,43,139,214,37,300,18,29,23,87,78,0,217,78,0,14, 
2753,35590,21258,180761,23762,5252,2090,0,0,0,0,0,0,0,21,33,0,134,19,0,0,115,262,61,684,119,0,55,438,341,204,2266,471,98,128, 
2578,41882,25977,165454,27977,5607,3526,48,35,20,504,75,0,0,15,44,36,314,139,7,54,97,576,91,1737,483,89,190,0,372,167,846,404,68,106, 
4760,86692,40468,183887,28123,6191,2445,17,132,67,661,96,53,0,0,280,202,654,151,52,9,197,235,85,1284,435,90,129,0,507,22,506,180,9,67, 
4313,87778,31009,133973,25310,4421,2442,29,583,145,1099,505,88,127,0,50,15,364,230,24,36,0,88,50,408,61,86,23,72,121,2,214,18,0,6, 
35682,164065,34125,108626,13806,2313,1550,1222,2895,608,1764,233,101,66,32,84,0,180,27,44,27,219,337,126,905,47,0,0,121,0,0,203,60,34,12, 
1596,4565,2724,4775,503,109,0,0,32,0,0,0,0,0,0,43,93,289,0,0,70,178,720,327,2214,190,24,0,699,1814,301,3082,93,20,42, 
665,3843,2239,5347,352,39,85,0,60,0,30,0,0,0,0,32,23,429,46,16,0,281,1100,174,1570,444,201,31,336,853,213,2159,247,57,0, 
822,3673,1261,3660,621,131,0,0,50,0,106,46,0,34,64,84,116,1001,357,0,0,144,453,126,1051,370,0,0,161,143,43,622,99,0,28, 
634,1467,1320,3052,653,20,24,0,70,0,398,120,0,54,41,0,0,199,64,0,20,47,0,23,252,25,75,0,289,299,0,70,106,37,0, 
720,855,560,782,144,31,54,0,51,0,0,0,0,0,0,0,20,20,0,0,0,233,0,0,292,93,0,0,201,185,119,73,22,0,32, 
892,3163,1559,6315,433,61,52,0,0,0,25,0,0,0,0,28,68,87,65,0,0,467,549,55,1128,149,0,0,1384,2126,523,2682,241,43,0, 
503,3682,1634,4502,1092,50,45,0,0,0,46,0,0,0,13,41,68,343,29,34,0,577,716,338,2187,181,67,0,639,849,268,1202,99,0,17, 
607,2952,1026,4300,442,100,0,0,0,12,32,29,0,0,0,62,145,400,181,0,0,400,410,104,733,24,0,0,341,453,25,361,74,41,0, 
525,1685,701,2731,568,41,0,0,80,45,99,8,0,0,0,56,0,84,0,35,0,212,157,25,91,20,0,0,751,295,110,205,0,0,0, 
718,1337,406,1147,170,0,83,87,107,20,29,0,0,0,137,23,0,0,0,0,0,239,180,0,0,0,0,0,1175,341,0,50,0,0,0, 
224,1080,1005,2144,105,174,121,0,72,220,388,32,0,0,46,486,413,1236,26,96,0,263,1045,92,1381,451,51,0,753,228,146,3613,3206,73,526, 
23,153,171,577,323,64,48,0,118,190,1284,137,52,159,291,1047,434,2289,165,41,154,628,1051,310,1781,1724,173,470,492,318,28,744,830,97,98, 
32,71,33,341,107,50,12,180,209,68,915,107,104,44,738,1000,263,1431,416,143,394,251,386,148,458,514,123,388,662,88,74,109,255,34,121, 
0,112,21,312,4,126,37,233,97,141,676,587,39,187,371,238,271,488,178,75,196,301,238,57,187,68,39,0,237,26,40,69,49,0,63, 
20,122,0,186,63,0,0,266,126,49,190,145,168,376,583,250,51,251,0,0,0,240,408,0,61,0,0,0,130,84,0,226,43,0,22, 
109,562,510,2088,218,244,32,0,168,33,762,181,104,8,94,668,217,2535,489,70,41,345,691,133,1793,596,24,44,748,1064,472,4889,2567,193,198, 
32,172,30,341,210,40,71,138,373,263,1498,440,135,86,625,817,429,1401,103,59,131,1136,1076,215,2528,978,136,470,952,626,113,1572,375,129,148, 
69,177,56,317,160,0,0,212,249,25,684,176,0,24,1669,612,107,1076,392,215,94,792,562,150,684,276,127,116,551,170,0,401,142,3,6, 
89,139,19,295,44,56,0,499,546,282,803,334,54,18,871,404,147,455,127,38,34,832,505,49,322,0,0,0,633,256,40,372,111,0,0, 
95,85,57,120,62,5,39,592,492,107,672,119,51,68,804,196,87,298,31,0,12,852,210,0,126,0,0,0,254,215,32,46,63,17,0, 
511,3114,1281,3162,85,86,44,26,20,0,58,0,0,0,124,311,64,188,29,34,0,2491,2159,538,714,46,27,22,3206,3655,603,1326,104,0,56, 
562,1114,733,2704,406,61,117,105,200,41,150,27,0,51,1591,925,38,336,47,0,0,3118,2177,402,684,85,15,0,2671,959,0,456,217,58,137, 
417,1146,515,1577,205,103,0,243,181,237,292,101,2,0,1488,285,111,661,118,0,24,1086,375,42,420,27,22,0,454,427,32,505,149,0,0, 
322,616,173,662,242,30,88,296,122,187,356,14,0,38,303,0,0,85,49,63,47,267,0,16,162,0,5,0,192,158,0,58,0,0,0, 
408,617,244,311,46,8,0,298,79,48,51,0,17,4,146,0,0,0,0,0,0,163,75,0,53,23,0,0,139,0,13,28,0,0,0, 
587,1346,698,3557,276,13,0,0,73,24,0,0,0,0,276,590,70,165,119,70,0,2128,1581,239,635,16,0,0,3221,2828,146,961,127,34,0, 
447,1482,649,1894,501,106,79,26,155,31,343,0,0,18,373,553,75,106,62,0,0,2298,1055,417,1250,11,30,61,1248,966,116,1117,195,49,0, 
204,661,513,2244,231,243,6,170,356,187,108,71,0,0,476,418,67,129,59,30,0,945,302,135,159,43,0,7,1229,421,54,245,151,0,0, 
218,686,250,725,183,92,0,212,180,52,353,60,0,0,500,93,5,161,43,0,0,386,60,0,114,2,4,0,174,66,0,0,0,0,0, 
470,845,198,208,23,0,22,272,88,55,175,5,0,0,103,0,0,0,0,0,0,238,10,0,29,5,0,0,137,0,0,0,0,0,0, 
400,1424,1146,974,0,0,0,0,0,0,0,0,0,0,0,0,0,0,0,0,0,0,20,0,0,0,0,0,23,0,0,22,0,0,0, 
281,1650,837,809,34,56,30,0,0,44,0,0,0,0,0,0,0,0,0,0,0,0,0,0,7,0,0,0,0,0,0,0,0,0,0, 
138,1192,622,1097,4,8,42,0,13,29,22,0,0,0,0,0,8,26,35,0,0,0,0,0,0,0,0,0,0,0,0,0,0,0,0, 
252,591,282,929,36,9,0,45,0,25,0,0,0,0,18,0,0,0,0,0,0,0,0,0,0,0,0,0,0,0,0,0,0,0,0, 
372,450,152,300,65,3,0,0,0,0,0,0,0,0,0,0,0,0,0,0,0,0,0,0,0,51,0,0,0,0,0,0,0,0,0, 
306,1121,762,1801,12,0,0,0,0,0,0,0,0,0,0,0,0,0,0,0,0,0,0,0,0,0,0,0,0,0,0,0,0,0,0, 
221,760,854,1728,186,6,0,0,0,0,0,0,0,0,0,0,0,0,0,0,0,0,0,0,0,0,0,0,0,0,0,0,0,0,0, 
405,1459,751,2086,85,0,55,0,25,14,7,0,0,0,0,22,8,0,0,0,0,0,0,0,7,0,0,0,0,0,0,0,0,0,0, 
456,679,549,1109,205,18,58,0,0,0,0,0,0,0,34,0,0,0,0,0,0,0,0,0,0,0,0,0,0,0,0,0,0,0,0, 
323,482,358,546,14,0,0,45,0,0,0,0,0,0,0,0,0,0,0,0,0,0,0,0,0,0,0,0,0,0,0,0,0,0,0, 
0,21,152,70,67,0,0,0,0,0,0,0,0,0,0,0,0,0,0,0,0,21,0,0,6,0,0,0,0,0,117,69,0,0,0, 
54,12,23,135,32,60,19,0,0,0,0,0,0,0,0,0,25,0,0,0,0,69,32,0,25,0,0,0,96,0,0,0,0,0,0, 
0,24,0,97,87,0,37,0,0,0,34,0,0,0,0,0,0,0,0,0,0,0,0,0,0,0,0,0,19,0,0,0,0,0,0, 
28,0,7,97,0,0,22,0,0,0,0,0,0,0,0,0,0,0,0,0,0,0,0,0,26,0,0,0,0,0,0,0,0,0,0, 
0,33,0,7,14,0,0,0,0,0,0,0,0,0,0,0,0,0,0,0,0,0,0,0,28,0,0,0,0,0,0,0,0,0,0, 
0,0,62,142,0,0,0,0,0,0,24,0,0,0,0,0,0,0,0,0,0,42,0,0,27,0,0,0,124,82,0,0,0,0,0, 
0,59,0,70,36,0,0,0,0,0,0,0,0,0,0,25,0,0,0,0,0,0,98,0,0,21,0,0,37,0,0,26,9,0,0, 
0,25,0,89,31,0,0,0,0,0,0,0,0,0,0,0,0,0,0,0,0,0,35,0,0,0,0,0,32,0,0,0,0,0,0, 
0,30,0,16,20,7,0,0,0,0,36,0,0,0,0,0,0,0,0,0,0,29,27,0,0,0,0,0,0,0,0,0,0,0,0, 
0,11,0,0,0,0,0,0,0,0,0,0,0,0,0,0,0,0,0,0,0,0,0,0,0,0,0,0,0,0,0,0,0,0,0, 
182,1455,927,2991,122,35,25,0,0,0,0,0,0,0,0,0,0,0,0,0,8,20,0,22,0,0,0,0,15,73,0,385,0,0,0, 
174,808,692,1337,509,0,80,0,0,0,90,0,0,0,0,48,0,26,0,0,0,0,0,0,0,25,0,0,37,110,0,17,27,0,0, 
176,1170,491,1317,148,20,37,0,4,43,67,0,0,0,52,0,0,0,0,0,0,0,12,0,6,0,0,0,0,0,35,39,0,0,0, 
213,287,380,644,120,78,3,0,6,0,22,21,0,0,29,110,0,0,0,0,0,28,0,0,0,25,0,0,21,0,0,0,0,0,0, 
309,284,69,346,23,31,19,0,70,0,0,0,22,0,173,0,12,0,0,0,0,0,0,0,26,0,0,0,0,0,0,0,0,0,0, 
269,897,1309,3232,333,108,58,0,0,0,24,0,0,0,0,0,0,39,0,0,0,27,38,0,20,0,0,0,68,133,0,55,29,0,0, 
75,570,589,2680,276,78,52,0,0,70,66,127,0,22,24,0,0,0,0,0,0,0,33,0,51,112,0,0,20,29,0,11,77,16,0, 
82,493,573,1198,285,0,6,0,6,0,69,0,0,0,23,0,0,0,0,0,0,0,172,0,24,0,0,0,0,40,73,0,0,0,0, 
53,569,385,656,270,13,24,0,0,12,19,19,0,0,11,96,0,13,0,0,0,0,0,0,0,0,0,0,0,0,29,90,0,0,0, 
71,362,135,458,49,0,77,12,39,0,24,0,0,0,0,0,7,0,0,0,0,0,49,0,0,0,0,0,0,33,0,0,0,0,0 
*****