2010 Education by Immigration status in New Hampshire, race/ethnicity, gender, age 25+, wgtd 2008-12 ACS, SSDAN/U-Mich
5
RaceEth,Gender,AgeEduc,Immentry,EducAll
7,2,5,5,7
NhWhite, Black, Asian, Hispanic, AmIndian, NHOther,NHMulti
Male, Female
25-34,35-44,45-54,55-64,65+
Native,FB<1980,FB80-89,FB90-99,FB00-Current
0-9Yrs,10-12Yrs,HSGrad,SomeColl,CollGrad,Masters,PhD-Prof
2038,18999,7567,30285,3652,700,237,0,0,0,0,0,0,0,0,27,0,44,0,0,0,153,118,0,138,17,49,0,109,144,0,470,261,4,30, 
3415,22226,7587,35631,6439,1726,879,0,221,21,265,36,73,21,0,86,47,251,66,45,0,46,144,61,428,70,7,157,0,59,0,522,48,0,38, 
4236,32210,11899,42491,7524,1708,1248,159,217,131,658,45,6,21,99,71,166,152,84,29,14,18,96,18,474,147,70,155,0,156,6,346,52,0,0, 
4095,20688,8294,35863,9191,2344,1791,253,668,127,490,162,184,77,0,49,0,174,3,0,51,0,74,0,146,64,18,24,0,75,0,125,0,0,8, 
8943,22980,6647,24742,7147,2356,2152,674,609,326,691,173,137,167,0,0,26,22,29,5,0,0,0,0,70,0,0,0,0,99,0,0,0,0,0, 
1463,11958,6593,35025,6639,805,402,0,0,0,18,0,0,0,0,97,0,148,24,0,0,145,32,43,170,42,72,23,97,119,48,692,72,45,17, 
1437,18114,7157,42625,8563,1417,714,0,70,16,289,37,7,0,17,115,32,221,68,0,5,37,92,73,458,257,0,83,127,220,61,358,178,10,104, 
2819,25791,11275,51219,9593,1550,815,209,355,377,783,168,57,15,0,176,109,316,98,11,11,0,198,0,416,77,5,44,0,18,17,283,13,26,16, 
3086,23217,8729,36886,10549,1339,760,151,599,186,767,201,34,15,0,52,15,56,0,0,51,0,112,0,76,0,9,0,0,78,15,104,0,0,19, 
9400,40715,7811,28364,5740,884,484,1310,1434,382,919,189,20,42,0,71,17,53,20,0,0,0,10,0,4,47,0,0,53,6,19,13,0,0,0, 
0,287,264,220,73,0,0,0,0,0,0,0,0,0,0,14,0,9,3,0,0,5,31,0,50,0,0,0,62,178,0,585,0,7,0, 
58,220,21,332,38,0,0,16,0,0,0,0,0,0,0,0,0,49,0,0,0,17,0,0,85,48,28,0,0,45,0,177,33,29,0, 
63,169,32,343,5,0,0,0,50,0,0,0,0,0,30,0,16,240,59,0,0,0,19,0,0,0,0,0,0,83,0,76,0,0,0, 
46,148,0,70,20,45,0,0,0,0,56,0,0,0,0,29,0,0,0,0,0,0,0,0,11,35,0,0,0,33,22,0,0,0,0, 
31,17,27,102,22,0,0,0,0,0,0,9,0,0,71,0,0,0,0,0,0,0,0,6,0,0,0,0,0,0,0,0,0,0,0, 
0,120,41,351,0,0,0,0,0,0,0,0,0,0,0,0,0,0,0,0,0,0,0,0,0,0,0,0,100,72,0,207,0,0,0, 
21,86,3,178,26,0,0,0,0,0,56,0,0,0,46,0,27,0,55,0,0,0,0,0,44,0,0,21,48,299,24,38,0,0,0, 
0,24,73,240,91,17,0,0,0,0,0,0,0,0,0,55,0,69,52,0,0,34,66,0,71,0,0,0,0,166,0,55,0,0,0, 
0,63,17,149,21,0,0,0,0,0,28,0,0,0,0,121,46,0,0,0,0,0,0,0,0,0,0,0,38,0,0,0,0,0,0, 
47,20,15,15,48,0,0,0,0,0,0,0,0,0,26,0,0,0,0,0,0,53,0,0,0,0,0,0,33,0,0,0,0,0,0, 
0,39,31,343,84,0,38,0,0,0,29,0,0,25,0,46,0,92,0,0,0,0,79,0,257,139,0,40,4,186,0,530,545,14,95, 
0,7,0,53,35,33,17,0,43,0,28,139,0,0,11,177,0,40,17,51,0,27,135,65,350,398,53,189,106,122,17,365,363,9,48, 
0,12,10,83,47,0,0,0,17,29,114,0,0,24,15,112,64,95,79,14,45,15,150,0,199,98,0,23,38,43,34,125,88,0,22, 
0,0,21,18,0,0,16,47,32,21,79,99,7,0,15,21,0,34,37,38,12,0,54,86,44,15,7,20,25,30,0,44,27,0,0, 
0,33,14,70,22,0,0,63,54,0,23,154,0,19,0,69,0,17,0,0,0,20,32,0,0,0,0,0,37,0,0,97,0,0,27, 
111,0,98,185,0,13,0,0,0,0,28,0,0,0,101,0,32,172,27,0,0,0,38,0,200,98,10,0,28,380,0,744,595,18,59, 
0,0,16,65,31,55,29,0,0,51,79,0,100,20,0,82,26,120,0,58,0,58,107,80,394,267,52,73,113,97,25,452,192,16,0, 
0,39,7,44,26,6,0,15,169,20,130,6,0,0,184,0,0,187,91,11,20,0,194,0,167,145,0,20,83,12,25,201,39,0,0, 
69,0,0,31,0,0,0,217,152,119,156,16,0,0,53,12,0,29,71,0,17,47,81,0,67,0,0,0,131,52,0,6,0,0,0, 
0,52,0,0,4,30,0,69,89,49,21,37,0,0,88,253,0,42,0,0,0,52,44,68,172,0,0,0,28,11,27,55,0,0,0, 
77,494,132,739,81,0,17,0,0,0,0,0,0,0,0,43,0,63,0,0,0,139,26,0,96,0,0,0,177,83,0,72,12,0,0, 
156,449,98,630,14,30,0,0,0,63,15,0,0,0,208,116,93,251,0,0,36,31,53,76,59,0,0,0,139,65,0,169,0,28,0, 
52,299,174,445,114,37,0,0,28,24,69,0,6,0,70,117,23,274,48,0,0,53,37,0,46,0,0,0,61,10,0,0,0,0,0, 
15,130,0,321,44,0,0,24,6,75,0,81,16,0,0,52,0,0,0,0,0,99,0,12,0,0,0,0,0,0,0,0,0,0,0, 
61,65,137,46,24,0,0,86,58,0,11,19,16,0,92,0,0,0,0,0,0,0,45,0,0,0,0,0,20,15,0,0,0,0,0, 
27,227,160,647,66,0,26,0,0,0,0,0,0,0,0,0,0,29,0,0,0,83,23,0,78,0,0,0,129,70,22,113,19,39,0, 
36,232,297,674,54,37,47,0,25,0,119,0,0,0,43,200,0,166,16,0,0,69,261,38,44,103,0,0,122,220,0,177,32,0,11, 
76,174,51,675,19,0,19,0,164,0,73,0,0,0,0,121,18,118,27,0,0,146,143,19,64,30,8,0,0,157,0,14,0,0,0, 
261,73,98,182,120,0,0,28,15,0,48,0,14,0,17,51,0,62,7,0,0,72,0,0,0,20,0,0,0,0,0,0,0,0,0, 
135,81,86,140,0,0,0,102,154,34,91,26,0,0,15,0,0,0,0,0,0,0,0,0,0,0,0,0,0,0,0,0,0,0,0, 
0,83,28,22,0,0,0,0,0,0,0,0,0,0,0,0,0,0,0,0,0,0,0,0,0,0,0,0,26,0,0,0,0,0,0, 
25,91,3,39,33,0,13,0,0,0,0,0,0,0,0,0,3,0,0,0,0,0,27,0,0,0,0,0,0,0,0,0,0,0,0, 
49,26,80,79,50,0,30,48,0,0,0,0,0,0,0,0,0,0,0,0,0,0,0,0,0,0,0,0,0,0,0,0,0,0,0, 
50,42,0,108,24,0,15,0,0,0,0,0,0,0,0,0,0,0,0,0,0,0,0,0,0,0,0,0,0,0,0,0,0,0,0, 
39,47,0,4,0,0,0,0,0,0,0,0,0,0,0,0,0,0,0,0,0,0,0,0,0,0,0,0,0,0,0,0,0,0,0, 
0,20,0,126,0,0,0,0,0,0,0,0,0,0,0,0,0,65,0,0,0,0,0,0,0,0,0,0,0,0,0,0,0,0,0, 
0,16,15,103,0,0,0,0,0,0,0,0,0,0,0,0,0,11,0,0,0,0,0,0,0,0,0,0,0,0,0,0,0,0,0, 
53,16,29,241,0,0,0,0,0,0,0,0,0,0,0,0,0,0,0,0,0,0,0,0,0,0,0,0,0,0,0,0,0,0,0, 
75,64,65,2,0,0,0,0,0,0,0,0,0,0,0,0,0,0,0,0,0,0,0,0,0,0,0,0,0,0,0,0,0,0,0, 
17,81,0,26,0,0,34,0,0,0,0,0,0,0,0,0,0,0,0,0,0,0,0,0,0,0,0,0,0,0,0,0,0,0,0, 
0,29,0,31,0,0,0,0,0,0,0,0,0,0,0,0,0,0,0,0,0,0,0,0,0,0,0,0,0,16,0,46,24,0,0, 
0,32,0,46,0,20,0,0,0,0,0,0,0,0,0,0,0,35,0,0,0,0,0,0,0,0,0,0,0,0,0,0,0,0,0, 
0,0,15,0,9,16,0,0,0,0,0,0,0,0,0,0,0,0,0,0,0,0,0,0,0,68,0,0,0,0,0,0,0,0,0, 
0,0,0,18,0,0,0,0,0,0,0,0,0,0,0,0,0,0,0,0,0,0,0,0,18,0,0,0,0,0,0,16,0,0,0, 
0,0,0,4,0,0,0,0,0,0,0,0,0,0,0,0,0,0,0,0,0,0,0,0,0,0,0,0,0,0,0,0,0,0,0, 
0,0,20,0,0,0,0,0,0,0,0,0,0,0,0,7,0,0,0,0,0,0,0,0,0,0,0,0,24,0,18,0,0,0,0, 
0,84,0,0,0,0,0,0,0,0,0,0,0,0,0,0,0,0,0,0,0,0,0,16,78,0,0,0,0,0,0,0,0,0,0, 
0,0,0,77,0,0,0,0,0,0,0,0,0,0,0,0,0,0,0,0,0,0,0,0,0,0,0,0,0,0,0,0,0,0,0, 
0,0,0,18,0,0,0,0,0,0,0,0,0,0,0,0,0,0,0,0,0,0,0,0,0,0,0,0,0,0,0,0,0,0,0, 
0,5,0,0,0,0,0,0,0,0,0,0,0,0,0,0,0,0,0,0,0,0,0,0,0,0,0,0,0,0,0,0,0,0,0, 
66,365,64,419,5,0,13,0,0,0,0,0,0,0,0,0,0,0,0,0,0,0,0,0,0,0,0,0,0,12,0,80,0,0,0, 
268,242,100,215,16,0,25,0,0,0,15,0,0,0,0,0,0,0,0,0,0,0,0,0,37,0,0,0,0,0,0,15,0,0,0, 
47,272,73,429,58,0,13,0,0,0,0,0,0,0,29,0,0,0,0,0,0,0,0,0,0,0,0,18,0,0,0,0,0,0,0, 
29,53,41,240,112,0,0,0,32,0,10,18,16,0,0,0,0,0,0,0,0,0,9,0,0,0,0,0,14,0,0,0,0,0,0, 
72,107,41,203,19,7,0,0,0,0,0,0,0,0,0,0,0,0,0,0,0,0,0,0,0,0,0,0,0,0,0,0,0,0,0, 
0,191,57,498,21,14,0,0,0,0,17,0,0,0,0,0,0,0,0,0,0,0,0,0,0,0,0,0,0,0,0,24,0,8,0, 
26,183,117,621,123,0,18,0,0,0,0,0,0,0,0,0,0,15,0,0,0,0,0,0,0,0,0,0,16,0,0,5,0,0,0, 
2,270,72,558,62,20,0,0,11,0,25,0,0,0,0,0,0,0,0,27,0,0,0,9,0,0,0,0,0,0,0,0,0,0,0, 
0,128,14,367,127,0,0,0,37,0,24,0,0,0,9,0,0,0,0,0,0,0,0,0,0,0,0,0,15,0,0,27,0,0,0, 
75,104,11,140,10,24,0,0,0,0,0,0,0,0,0,0,0,0,0,0,0,0,0,0,0,0,0,0,0,0,0,0,0,0,0 
*****