2010 Education by occupation in West Virginia, race/ethnicity, and gender for age 25+, wgtd 2008-12 ACS, SSDAN/U-Mich
5
AgeEduc,RaceEth,Gender,EducAll,Occup
5,7,2,7,6
25-34,35-44,45-54,55-64,65+
NhWhite,Black,Asian,Hispanic,AmIndian,NHOther,NHMulti
Male,Female
0-9Yrs,10-12Yrs,HSGrad,SomeColl,CollGrad,Masters,PhD-Prof
TopWC,OtherWC,Service,TopBC,OtherBC,Farm
128,156,410,1053,915,148,66,546,1745,2471,1373,240,1278,5669,6127,15176,9493,584,3475,7671,4247,7015,3890,150,5776,4608,1494,913,976,114,2446,730,132,47,46,0,1843,132,16,20,38,0, 
171,453,920,0,93,32,77,1020,2157,107,151,0,1772,10486,9893,595,1351,54,5260,16485,7807,306,887,83,8678,5996,1227,16,229,35,4372,1354,298,0,44,14,1790,72,84,0,0,0, 
0,0,0,52,17,0,73,0,21,58,170,0,0,181,576,330,153,0,44,613,623,148,221,0,49,80,40,0,124,0,68,0,21,100,0,0,7,0,0,0,0,0, 
0,21,121,0,0,0,12,109,198,0,0,0,19,371,292,0,32,0,42,768,419,0,29,0,85,263,0,0,0,0,9,16,0,0,0,0,42,23,0,0,0,0, 
22,0,37,0,0,0,0,0,70,0,0,0,18,25,124,0,29,0,51,20,43,8,0,10,118,0,71,0,0,0,152,23,0,0,0,0,326,34,0,0,0,0, 
0,27,0,0,0,0,0,0,0,0,0,0,34,16,116,0,0,0,0,43,26,0,0,0,220,52,50,0,0,0,214,7,0,0,0,0,66,26,0,0,0,0, 
0,13,58,24,18,0,0,0,27,0,0,0,68,0,100,122,30,0,25,67,168,69,67,0,33,29,106,14,19,3,38,46,0,19,0,0,149,0,3,0,0,0, 
0,15,126,0,0,51,0,28,7,0,0,0,0,209,178,0,0,0,90,92,89,0,0,0,98,46,0,0,0,0,51,12,0,0,0,0,10,23,0,0,0,0, 
0,0,0,48,0,0,0,0,0,0,0,0,56,0,0,13,0,7,0,0,34,65,41,0,0,8,0,0,0,0,0,0,0,0,0,0,0,0,0,0,0,0, 
0,0,0,0,0,0,0,0,0,0,0,0,0,0,27,0,0,0,0,0,43,0,65,0,0,23,0,0,0,0,0,0,0,0,0,0,0,0,0,0,0,0, 
0,0,0,0,0,0,0,0,0,0,0,0,0,0,0,0,0,0,0,0,16,0,0,0,0,33,0,0,0,0,5,0,0,0,0,0,0,0,0,0,0,0, 
0,0,0,0,0,0,0,0,0,0,0,0,0,0,0,0,0,0,0,0,35,0,0,0,0,0,0,0,0,0,6,0,0,0,0,0,0,0,0,0,0,0, 
0,0,43,0,29,0,0,38,24,16,14,0,61,60,129,123,230,0,37,60,54,78,86,0,58,17,25,0,0,0,0,0,0,0,0,0,82,0,0,0,0,0, 
0,0,32,0,0,0,8,46,20,0,0,0,19,181,324,5,0,0,162,379,150,18,0,0,109,57,7,0,0,0,36,35,0,0,0,0,83,0,0,0,0,0, 
78,367,535,1415,816,299,385,738,1155,2938,2050,73,2365,5952,5842,15098,12803,318,3870,7037,3474,6316,5145,115,6537,3596,1055,840,841,0,2736,849,49,57,58,0,2222,173,18,26,4,0, 
104,477,1362,82,132,0,171,1372,1754,84,100,8,2173,14387,9839,752,2220,69,6228,17731,7059,474,981,49,8345,4900,776,7,175,35,5212,1114,59,0,0,0,1384,184,21,0,0,0, 
29,0,0,0,16,0,0,15,89,13,22,0,54,293,679,326,210,0,181,467,708,162,260,0,104,309,15,27,0,0,24,0,0,0,0,0,32,14,0,0,0,0, 
0,15,23,0,0,0,0,19,33,0,0,0,115,411,358,0,38,0,174,691,259,0,0,0,61,188,6,0,0,0,23,152,31,0,0,0,17,0,0,14,0,0, 
0,0,0,17,0,0,0,0,8,0,0,0,0,7,108,0,0,0,68,51,39,0,62,0,56,62,0,0,8,0,80,11,0,0,0,0,196,0,0,0,0,0, 
0,0,107,50,0,0,5,59,0,0,0,0,0,21,15,0,0,0,8,40,71,0,0,0,32,39,18,0,37,0,38,21,0,0,0,0,198,29,22,0,0,0, 
56,0,50,64,15,0,0,0,21,25,5,0,7,0,57,178,98,103,69,38,130,62,39,0,129,84,10,0,0,0,0,12,3,0,0,0,43,0,0,0,0,0, 
0,0,45,0,89,0,6,75,10,0,0,0,0,104,99,0,0,0,123,157,133,0,0,0,59,31,61,0,0,0,44,10,0,0,0,0,17,0,0,0,0,0, 
0,0,16,0,0,0,0,0,0,0,0,0,0,80,0,22,25,0,22,0,8,44,0,0,0,0,0,0,0,0,0,0,0,0,0,0,0,0,0,0,0,0, 
0,0,0,0,0,0,0,0,0,0,0,0,0,0,13,0,0,0,0,0,8,0,0,0,10,0,0,0,0,0,0,0,0,0,0,0,0,0,0,0,0,0, 
0,0,0,0,0,0,0,0,0,0,0,0,0,0,0,0,16,0,0,0,0,0,0,0,10,0,0,0,0,0,0,0,0,0,0,0,0,0,0,0,0,0, 
0,0,0,0,0,0,0,0,0,0,0,0,0,0,0,0,16,0,0,0,0,0,0,0,0,0,0,0,0,0,0,0,0,0,0,0,0,0,0,0,0,0, 
0,0,70,0,65,0,26,0,28,0,6,0,0,76,99,220,200,0,44,21,70,197,87,0,24,0,0,0,0,0,36,22,0,0,0,0,0,0,0,0,0,0, 
0,0,39,0,0,0,0,10,0,0,0,0,2,116,166,0,66,0,95,125,203,0,0,0,192,35,0,0,0,0,9,0,0,0,0,0,0,0,0,0,0,0, 
278,255,607,1931,1243,143,320,864,855,3035,2689,66,3968,7536,5984,19445,13631,571,3824,5680,2684,5733,4152,47,5630,3361,774,745,872,25,2672,671,194,64,132,0,2713,209,59,16,56,13, 
143,624,1154,138,236,15,134,1331,2229,198,385,4,3114,20426,11791,566,2839,201,8104,17427,4877,182,1021,160,7479,4256,829,132,157,7,5670,1298,105,31,42,0,1521,96,21,0,23,0, 
0,0,20,34,0,0,0,33,93,139,0,0,28,261,476,266,542,40,159,196,201,130,151,0,147,60,17,4,0,0,203,0,0,0,0,0,60,9,0,0,25,0, 
0,0,0,0,0,0,40,14,159,0,19,0,103,471,497,0,64,0,211,507,352,0,24,0,231,132,36,0,0,0,188,18,0,0,0,0,26,0,0,0,0,0, 
12,0,38,0,0,0,13,0,18,0,0,0,8,0,0,48,0,0,63,55,0,0,24,0,36,12,0,9,0,0,194,11,0,0,0,0,232,0,0,0,0,0, 
0,0,6,0,0,0,0,16,42,0,6,0,0,0,60,0,18,0,10,63,29,0,0,0,32,22,43,0,0,0,46,32,0,0,0,0,263,0,13,0,0,0, 
0,28,87,0,117,54,0,0,29,20,34,0,35,35,5,110,15,0,52,3,40,20,19,0,50,28,0,0,0,0,0,0,0,0,0,0,22,12,0,0,0,15, 
0,0,100,0,0,0,0,53,10,0,0,0,0,40,54,0,23,0,39,54,55,0,0,0,0,60,0,0,0,0,21,0,0,0,0,0,16,0,0,0,0,0, 
0,0,0,0,0,0,0,28,0,0,0,0,56,11,79,73,3,0,0,28,45,0,18,0,0,23,10,0,0,0,0,0,0,0,0,0,18,0,17,0,0,0, 
0,0,0,0,0,0,0,0,0,0,0,0,0,16,44,0,0,0,0,33,8,0,0,0,0,0,0,0,0,0,9,0,0,0,0,0,2,0,0,0,0,0, 
0,0,0,0,0,0,0,0,0,0,0,0,0,0,0,0,0,0,0,0,0,0,0,0,0,0,0,17,0,0,0,0,0,0,0,0,0,0,0,0,0,0, 
0,0,0,0,0,0,0,0,0,0,0,0,0,0,0,0,0,0,0,0,14,0,0,0,0,0,0,0,0,0,0,0,0,0,0,0,0,0,0,0,0,0, 
0,4,12,6,21,0,0,0,22,99,31,0,0,70,68,61,97,0,61,34,40,36,106,0,84,17,0,32,0,0,16,0,0,0,0,0,0,0,0,0,0,0, 
0,0,6,0,0,0,0,0,8,0,0,0,26,195,110,0,36,0,65,207,28,0,127,0,20,0,0,0,0,0,1,8,0,0,0,0,9,0,0,0,0,0, 
84,371,635,1520,1224,74,203,492,358,2029,1264,118,2480,4449,4094,13234,10374,424,4600,5581,2450,5305,3832,126,5691,3275,575,841,1118,42,4212,1252,230,202,214,0,2974,338,10,0,29,12, 
110,478,1227,35,249,17,158,1153,1633,53,482,0,2895,16787,9008,435,2243,89,5574,12292,3046,169,463,0,5979,3116,265,91,68,109,7516,1507,118,0,41,0,1298,197,0,0,0,0, 
14,0,35,0,13,0,0,107,42,32,5,0,20,125,97,306,378,25,53,337,93,91,120,0,118,29,26,12,32,99,98,122,0,0,0,0,0,0,0,0,0,0, 
0,0,5,16,0,0,16,0,87,0,0,0,95,271,274,49,135,0,134,377,146,13,58,0,98,87,79,0,6,0,25,0,0,0,0,0,76,0,0,0,0,0, 
0,0,8,0,0,0,0,0,0,0,0,0,13,0,25,3,0,0,0,0,30,4,0,0,0,3,0,0,0,0,0,33,0,0,25,0,186,0,0,0,0,0, 
0,11,68,0,0,0,0,0,30,0,9,0,10,0,44,0,0,0,15,26,8,0,0,0,49,29,0,0,0,0,38,0,0,0,0,0,49,0,0,0,0,0, 
0,0,0,30,12,12,0,0,6,0,0,0,35,21,4,0,17,0,74,7,26,22,40,0,80,9,78,0,0,0,17,8,0,0,0,0,73,0,0,0,0,0, 
0,0,19,0,64,0,0,9,2,0,17,0,0,90,15,0,0,0,18,41,22,0,0,0,43,92,0,0,0,0,61,10,0,0,0,0,0,0,0,0,0,0, 
0,0,0,0,0,0,0,0,0,0,0,0,0,28,0,0,10,0,6,30,36,3,30,0,0,0,0,0,0,0,0,0,18,0,0,0,0,0,0,0,0,0, 
0,0,0,0,0,0,0,0,0,0,0,0,0,0,12,0,0,0,0,21,0,0,12,0,0,0,0,5,0,0,0,0,0,0,0,0,0,0,0,0,0,0, 
0,0,0,0,0,0,0,0,0,0,0,0,0,0,0,0,0,0,0,0,0,0,0,0,0,0,0,0,0,0,0,0,0,0,0,0,0,0,0,0,0,0, 
0,0,0,0,0,0,0,0,0,0,0,0,0,0,0,0,0,0,0,0,0,0,0,0,0,0,0,0,0,0,0,0,0,0,0,0,0,0,0,0,0,0, 
0,0,0,21,0,0,0,26,0,0,0,0,47,25,61,95,89,0,15,86,72,10,35,0,65,20,14,0,0,0,46,0,0,0,0,0,0,0,0,0,0,0, 
0,0,41,0,9,0,0,0,0,0,0,0,38,145,81,5,14,0,85,38,87,0,0,0,71,67,0,0,0,0,15,0,0,0,0,0,0,0,11,0,0,0, 
176,429,437,986,616,258,161,441,373,553,562,62,1267,2815,1601,2869,3377,118,1496,2334,765,830,1349,65,1629,1339,356,202,209,63,1323,478,165,145,94,0,1613,342,8,17,17,0, 
32,355,696,19,109,5,120,870,997,22,165,0,932,6838,3378,66,812,17,1696,4587,1072,28,73,35,1435,760,110,0,54,0,1392,358,110,9,3,0,281,36,0,0,5,0, 
0,13,16,0,8,20,0,0,33,17,37,0,0,15,100,50,48,20,25,0,30,0,13,0,0,0,0,0,0,0,20,0,7,0,0,0,26,18,0,0,0,0, 
0,0,2,0,0,0,0,36,37,36,0,0,0,169,139,6,30,0,31,57,46,0,0,0,38,18,4,0,0,0,73,21,0,0,0,0,27,0,0,0,0,0, 
0,0,0,0,0,0,0,0,0,0,0,0,0,0,9,0,0,0,0,0,0,0,0,0,0,9,24,8,0,0,9,0,0,0,0,0,103,0,0,0,0,0, 
0,0,7,0,0,0,0,13,0,0,0,0,0,0,34,0,0,0,0,0,0,0,0,0,0,30,0,0,0,0,0,0,0,0,0,0,38,0,0,0,0,0, 
0,0,0,0,0,0,0,0,0,0,29,0,52,29,9,0,39,0,0,0,0,7,22,0,27,0,0,0,0,0,12,0,0,0,0,0,37,0,0,0,0,0, 
0,0,8,0,0,0,0,0,0,0,0,0,0,48,29,0,23,0,15,18,13,0,0,0,14,0,0,0,0,0,17,0,0,0,0,0,0,0,0,0,0,0, 
0,0,0,0,0,0,0,0,0,0,0,0,0,0,0,19,0,0,0,0,0,0,0,0,0,0,0,0,0,0,0,0,0,0,0,0,0,0,0,0,0,0, 
0,0,0,0,0,0,0,0,0,0,0,0,0,10,0,0,0,0,0,0,0,0,0,0,0,0,0,0,0,0,0,0,0,0,0,0,0,0,0,0,0,0, 
0,0,0,0,0,0,0,0,0,0,0,0,0,0,0,0,0,0,0,0,0,0,0,0,0,0,0,0,0,0,0,0,0,0,0,0,17,0,0,0,0,0, 
0,0,0,0,0,0,0,0,0,0,0,0,0,0,0,0,0,0,0,0,18,0,0,0,0,0,0,0,0,0,0,0,0,0,0,0,0,0,0,0,0,0, 
39,0,0,22,8,0,0,0,0,0,0,0,0,0,16,41,0,0,0,16,0,29,17,9,0,21,0,0,0,0,19,0,0,0,0,0,6,0,0,0,0,0, 
0,0,0,0,16,0,0,0,0,0,0,0,0,32,50,0,0,0,7,23,0,0,0,0,14,23,0,0,0,0,0,42,0,0,0,0,0,0,0,0,0,0
*****