2010 Education by Immigration status in New Jersey, race/ethnicity, gender, age 25+, wgtd 2008-12 ACS, SSDAN/U-Mich
5
RaceEth,Gender,AgeEduc,Immentry,EducAll
7,2,5,5,7
NhWhite, Black, Asian, Hispanic, AmIndian, NHOther,NHMulti
Male, Female
25-34,35-44,45-54,55-64,65+
Native,FB<1980,FB80-89,FB90-99,FB00-Current
0-9Yrs,10-12Yrs,HSGrad,SomeColl,CollGrad,Masters,PhD-Prof
3821,56754,19960,137330,17894,5573,2250,0,88,19,452,124,24,0,66,973,435,2017,207,228,76,462,2379,614,4005,1074,42,168,946,4057,654,6312,2181,247,499, 
6437,77757,23726,144599,30810,10464,3843,411,1946,444,2159,447,297,108,683,1614,278,2280,550,81,166,713,4446,620,6359,2115,691,683,1005,2854,294,3949,1784,195,642, 
9551,117549,35535,172747,36301,14996,5950,1523,4432,1201,4704,953,382,230,1643,4017,552,4113,1278,405,582,1013,2718,383,3823,1903,653,572,532,1609,76,1741,839,387,286, 
9872,80792,27888,138527,39909,14732,7661,3012,6479,1644,7664,2102,682,539,1284,2349,316,2634,1203,350,386,337,1446,217,1714,626,274,278,249,894,64,690,223,96,81, 
30178,116092,33749,107769,31755,13625,8630,10034,11282,2255,6984,2375,1265,1358,692,688,125,874,282,158,268,439,733,121,926,267,130,211,530,217,67,350,169,47,70, 
3218,37964,14874,142055,34474,5213,2237,0,44,0,234,101,47,0,32,617,99,2063,293,23,10,430,1977,444,5577,852,230,160,792,3256,647,8338,2290,263,280, 
4327,65633,22112,161447,40684,8227,3136,135,1541,183,3099,585,157,27,547,1923,539,2197,533,363,53,1077,3800,782,7850,2033,520,365,878,2331,399,4378,1337,396,495, 
7023,113484,35861,195509,42750,8957,3364,985,3958,1171,4994,997,82,159,996,2917,773,4187,1167,263,196,879,2872,542,4599,1970,428,420,185,1522,198,2266,723,208,256, 
8051,114461,29740,133459,45398,6035,3805,3567,8108,1684,6750,1741,386,288,1029,1739,319,1849,743,232,123,689,1729,284,1965,711,147,84,585,960,35,962,214,104,0, 
46032,246642,35491,111378,28370,3035,2540,15950,19438,3149,8691,1860,510,554,1529,1411,92,854,201,44,0,865,1182,37,1532,408,184,53,500,683,60,590,158,36,21, 
3686,23248,8339,23742,1755,372,212,4,57,0,49,19,0,0,67,765,332,1313,184,62,0,286,1754,534,2600,144,13,0,491,2130,367,2762,473,57,71, 
3736,25595,8343,21594,2266,369,191,61,295,107,780,163,45,0,169,1350,381,2247,554,47,10,423,2289,370,2750,311,319,62,681,2234,194,2693,317,230,129, 
3944,25974,6169,22273,1999,588,258,214,793,358,1857,387,91,36,539,2253,337,2901,663,225,108,471,2091,299,2114,389,170,0,499,1597,108,854,347,0,154, 
4453,14314,4137,14754,2013,306,431,357,1461,362,1946,545,84,86,654,1345,350,1254,413,84,76,215,533,216,527,89,18,56,176,408,53,557,105,43,0, 
9349,15144,3784,7569,1264,307,510,577,1428,466,733,278,128,167,483,637,56,132,27,0,0,234,310,66,191,10,17,0,292,225,0,98,17,88,17, 
2511,20971,7014,31591,3162,601,173,0,17,28,144,0,0,0,92,417,155,1927,164,154,0,355,1543,414,3291,639,73,0,511,2670,485,4180,402,145,12, 
3241,23033,5894,33128,5741,732,278,13,683,88,1085,141,86,0,150,1180,366,2873,673,198,30,258,2607,695,3778,426,176,50,543,2607,465,2722,233,74,0, 
3219,24889,6731,30894,5026,449,440,212,965,314,2932,527,126,57,582,2106,613,3117,729,48,83,789,2301,751,2097,375,26,37,700,1451,186,1884,251,31,11, 
3896,19149,5279,21721,3746,365,466,374,1261,461,1886,524,17,50,829,1699,448,1242,183,0,0,519,964,110,808,180,39,17,811,1110,131,529,43,23,0, 
12550,28387,5512,12974,2116,105,339,1070,1787,385,1314,399,75,0,694,773,62,154,0,0,0,1039,706,57,141,13,0,16,1077,365,40,183,0,31,24, 
113,596,229,8260,1749,741,346,0,50,0,487,17,46,0,36,822,353,3617,509,345,103,236,1856,550,6640,1975,148,176,625,1496,210,16129,12450,632,1033, 
36,571,187,3455,849,713,192,87,186,79,2432,1108,344,115,219,906,214,5593,1809,322,570,811,2760,381,11064,8638,469,2025,463,1071,254,9993,6115,848,1364, 
108,209,180,1119,647,309,79,130,719,139,2483,1251,315,184,840,2314,537,7900,4696,842,1820,656,2213,202,6993,3208,990,1184,468,1283,197,4511,1246,438,272, 
110,166,77,557,255,264,0,304,1615,386,4388,2691,638,847,453,1556,242,5514,1894,472,668,424,1618,210,3602,850,252,224,594,1266,205,2208,530,97,136, 
75,151,0,485,65,125,56,649,1279,266,4407,2622,1519,1104,808,1132,87,2264,354,168,169,616,1602,140,2254,486,90,85,507,992,199,2071,363,288,79, 
233,412,317,6978,1757,757,530,0,2,23,272,137,31,49,27,352,103,3736,1061,656,120,330,1788,378,8185,1817,396,311,671,2476,614,19325,13472,992,667, 
23,417,176,2825,1213,789,87,59,411,55,2400,800,460,159,259,1128,357,6014,1436,464,366,946,2929,495,12850,6864,1073,870,990,3064,310,11865,5217,687,801, 
58,292,19,1585,566,144,75,142,831,163,3597,626,98,97,725,3056,379,11539,3809,438,793,1010,2567,704,8042,2366,590,347,1236,2265,268,5279,877,117,224, 
101,155,40,911,260,57,23,603,2419,567,7041,1825,648,265,655,2707,345,5852,1281,241,255,1378,2193,233,2910,458,43,14,1633,1466,82,2190,324,202,89, 
46,408,114,330,41,26,17,1858,2414,370,5181,1250,538,216,2116,1546,162,1778,298,77,74,2453,1473,188,2029,222,50,16,1657,1462,100,2304,393,113,53, 
4729,19586,5756,20549,1842,446,237,42,111,47,416,19,0,0,1317,2723,464,2706,291,56,60,8945,11233,1658,5500,499,71,27,18660,18030,1686,6976,660,164,97, 
5657,16628,4525,14284,2165,539,253,294,1278,387,2153,348,83,16,3915,6710,1219,4210,366,32,22,9090,11440,1683,6257,646,147,120,9274,8663,1255,4212,785,215,43, 
4833,12331,2941,9919,1093,277,163,2091,4365,1191,4461,694,238,51,4002,8147,1431,5690,316,262,168,5289,5268,716,2912,343,504,41,4201,4116,209,2681,287,129,65, 
6041,5938,1849,4260,748,229,113,2641,4340,1174,3227,426,282,94,2776,3532,617,2314,187,138,47,2033,1863,229,979,223,72,0,1155,1255,34,857,133,130,0, 
7510,4067,859,1619,290,78,195,5036,4573,619,2283,219,339,96,1617,1103,101,626,49,60,0,1622,773,59,757,53,0,18,1670,838,124,449,74,28,22, 
3704,15937,5305,24411,3357,440,161,26,197,33,252,152,0,0,445,2402,422,4160,428,74,0,5969,7587,1483,6954,535,92,38,10199,14940,1933,8984,467,195,65, 
3688,13687,3883,20278,2946,677,107,204,1230,305,2025,242,80,0,2566,4896,996,4403,405,275,12,7742,10252,1273,8668,598,259,79,6710,8740,798,5765,719,412,68, 
5387,11996,3700,12425,1782,375,158,994,3732,1055,5197,861,268,165,3780,6987,1151,5765,513,92,56,3322,6906,796,4931,382,228,41,3387,5025,393,2869,250,350,0, 
6435,6867,1993,5949,963,267,140,2973,4685,1356,3499,623,136,37,2633,3264,536,2092,262,15,0,2730,2306,276,1506,155,38,0,1958,2143,375,738,59,86,10, 
9440,5809,855,2260,529,114,25,7899,7008,938,2818,504,126,220,3365,1419,139,492,83,38,0,3146,1763,52,446,57,8,0,2788,1242,87,550,124,0,0, 
34,242,70,240,0,0,0,0,0,0,0,0,0,0,31,36,0,0,0,0,0,147,280,0,29,0,0,0,320,168,52,15,35,0,0, 
102,383,130,297,16,19,30,47,0,8,0,0,0,0,47,256,0,33,0,0,0,112,57,0,106,0,0,0,17,51,21,44,0,0,0, 
92,368,151,217,48,0,0,56,21,13,153,0,0,0,12,48,27,16,0,0,0,38,33,0,64,0,0,0,68,0,0,14,0,0,0, 
62,122,96,280,47,13,0,26,22,0,29,0,0,0,22,0,0,29,22,0,0,0,0,0,20,0,0,0,0,25,0,0,0,0,0, 
166,81,121,248,0,0,0,14,27,0,14,0,0,0,0,0,0,0,0,0,0,0,0,0,13,0,0,0,0,0,0,0,0,0,0, 
118,180,62,289,82,23,0,0,0,0,0,0,0,0,0,0,0,18,0,0,0,179,56,15,101,0,0,0,218,48,79,45,15,0,0, 
116,320,79,597,23,30,15,0,0,0,0,0,0,0,15,0,0,85,0,0,0,65,220,29,103,6,0,0,2,35,54,16,0,0,0, 
58,276,126,406,35,0,19,0,38,25,6,0,0,0,17,40,36,74,27,0,0,0,41,0,10,0,0,0,17,51,0,0,0,0,0, 
98,260,78,231,47,12,0,11,86,3,20,19,0,0,15,9,0,0,0,0,0,0,15,0,0,0,0,0,0,8,0,0,0,0,0, 
162,329,122,222,41,0,0,12,4,0,0,0,0,0,10,0,0,0,0,0,0,16,0,0,66,0,11,0,23,0,0,0,0,0,0, 
137,225,0,439,84,105,0,0,0,0,0,0,0,0,0,0,0,45,0,0,0,37,260,35,63,69,0,0,151,372,28,323,62,0,0, 
61,198,82,250,144,0,0,0,0,42,30,0,0,0,87,162,18,173,0,0,0,21,283,91,306,53,43,19,340,210,0,295,128,0,0, 
41,53,28,114,58,0,57,17,67,11,76,0,0,0,104,133,0,231,20,0,0,62,143,102,40,0,0,0,158,174,17,207,6,0,0, 
25,0,23,33,48,14,11,30,25,14,19,99,0,15,0,198,0,42,25,0,0,0,81,0,19,0,0,0,38,30,0,61,0,0,0, 
107,0,0,66,15,0,0,39,26,14,91,24,40,16,30,19,0,45,0,0,0,40,24,0,0,0,0,0,14,0,0,0,0,0,0, 
64,144,0,726,49,65,0,0,14,0,51,0,0,0,0,69,0,139,54,0,0,25,144,45,212,0,0,0,60,304,18,522,125,83,0, 
0,157,30,474,117,0,0,0,44,27,58,41,0,19,0,203,0,86,0,0,0,46,440,0,496,30,17,0,186,232,7,144,0,89,0, 
0,111,54,107,35,0,0,0,102,41,83,29,0,0,104,128,0,255,13,0,0,74,119,0,112,54,0,0,76,298,0,223,0,0,0, 
95,71,53,107,22,13,0,0,52,16,95,13,37,0,110,108,0,65,0,0,0,32,56,0,14,74,0,0,112,90,24,44,0,0,0, 
156,81,0,164,14,0,0,0,14,13,71,0,0,0,0,124,0,78,0,0,0,47,130,0,37,0,0,0,0,0,0,45,0,0,0, 
111,1080,588,2954,279,90,23,0,0,0,0,0,0,0,0,13,0,192,0,40,36,6,193,58,428,62,53,21,58,129,15,248,288,9,35, 
62,893,293,1593,316,111,37,0,0,25,39,18,0,0,25,157,38,133,34,17,0,22,220,88,111,97,10,53,111,229,16,123,83,37,0, 
133,883,432,1223,80,73,47,12,30,18,259,95,0,20,134,242,124,277,102,0,12,175,106,34,258,38,35,0,84,61,13,105,44,15,0, 
128,523,247,901,91,67,31,55,53,93,283,113,36,16,90,111,8,254,0,25,103,0,46,0,156,0,0,0,15,107,0,23,13,0,0, 
298,395,120,309,48,101,53,13,82,35,162,101,113,12,31,51,0,47,27,0,22,10,54,16,29,12,0,0,23,89,0,23,0,0,15, 
235,1135,364,3752,419,98,78,0,0,0,0,0,0,0,22,67,11,47,18,0,0,0,123,22,334,41,15,16,141,330,0,501,227,57,0, 
93,1167,453,2821,491,136,110,0,11,26,203,11,22,0,7,166,42,137,71,0,17,42,208,91,312,100,20,28,42,133,22,204,50,35,0, 
41,911,444,1885,343,57,44,0,224,30,286,84,0,0,147,172,103,335,85,25,0,28,94,14,227,37,0,0,89,93,45,182,26,17,0, 
127,759,298,947,433,142,0,18,166,15,253,89,0,0,111,226,76,187,38,0,0,56,139,51,240,23,0,12,49,53,0,46,0,0,0, 
318,598,159,719,217,17,10,61,114,0,88,94,60,30,88,60,0,141,0,9,0,109,87,43,26,0,16,16,48,50,11,36,0,0,0 
*****