2010 Education by Immigration status in Delaware, race/ethnicity, gender, age 25+, wgtd 2008-12 ACS, SSDAN/U-Mich
5
RaceEth,Gender,AgeEduc,Immentry,EducAll
7,2,5,5,7
NhWhite, Black, Asian, Hispanic, AmIndian, NHOther,NHMulti
Male, Female
25-34,35-44,45-54,55-64,65+
Native,FB<1980,FB80-89,FB90-99,FB00-Current
0-9Yrs,10-12Yrs,HSGrad,SomeColl,CollGrad,Masters,PhD-Prof
1725,8996,3988,15089,1220,681,337,0,0,0,0,0,0,0,0,0,0,8,0,0,0,16,8,0,110,50,0,0,0,30,0,342,139,14,0, 
2062,10481,4102,15024,2177,805,196,0,34,0,0,15,0,0,0,0,0,0,14,0,0,18,47,0,155,18,27,91,0,48,52,132,65,0,83, 
2233,16585,4614,16250,3128,1023,572,0,45,25,100,60,67,3,0,55,0,62,0,0,0,0,44,14,230,56,104,25,0,65,0,57,46,0,18, 
1681,12129,4003,15406,4037,1122,1256,93,75,61,330,81,42,20,0,0,0,120,0,15,30,0,45,0,52,15,20,10,0,0,0,63,0,11,16, 
5660,15060,4821,13893,3681,1236,1658,84,414,155,480,165,119,232,0,0,0,0,0,0,2,0,0,0,15,0,30,0,0,0,0,0,0,0,0, 
1027,6568,2555,17755,3250,577,155,0,0,0,0,0,0,0,44,0,50,3,0,0,0,0,33,0,181,16,22,0,0,23,17,427,336,50,0, 
1336,9117,3005,17303,3633,1007,198,0,15,42,28,20,0,0,17,19,0,22,30,4,0,15,34,33,135,123,36,0,36,20,25,135,101,71,21, 
1666,14553,4661,20488,4035,711,440,121,74,70,180,77,0,0,0,53,19,66,188,0,14,0,18,0,100,0,0,0,0,46,16,21,65,0,0, 
1545,14970,4852,16400,4710,407,647,88,271,73,375,46,13,32,16,102,0,37,17,0,13,42,0,17,28,0,0,0,0,9,0,40,0,0,0, 
6294,26900,5229,15414,3266,293,343,434,1074,187,621,95,0,0,24,19,0,0,0,0,0,19,57,0,18,21,0,0,0,0,0,0,0,0,0, 
1118,3616,1457,4272,184,62,0,0,81,0,20,0,0,0,0,22,29,41,12,0,0,29,0,69,101,0,0,0,13,146,81,522,65,15,0, 
860,4815,1523,3632,162,57,20,0,0,0,15,0,0,0,66,74,81,29,0,21,21,0,100,0,201,65,16,0,70,95,0,258,203,0,25, 
656,5214,1154,3883,585,16,52,16,0,0,104,0,0,0,16,26,15,402,55,0,41,0,46,44,79,61,0,30,0,200,21,105,0,0,0, 
771,3423,845,2260,375,52,43,0,0,6,104,0,0,66,7,67,19,35,53,0,0,24,0,0,18,0,0,28,0,48,49,102,0,0,0, 
1696,2400,528,1433,296,0,68,27,159,42,72,41,0,17,0,33,16,0,0,0,0,64,0,0,14,0,0,0,15,0,0,0,0,0,0, 
637,3743,1104,5290,780,63,0,0,0,0,0,0,0,0,0,18,0,150,0,0,0,0,0,27,511,21,0,0,0,130,129,291,47,0,0, 
528,4229,1477,5056,1015,139,38,0,20,81,223,17,0,0,0,26,0,250,0,34,0,20,330,0,434,0,0,10,38,184,15,373,20,15,0, 
505,4316,1331,5994,1058,93,64,0,176,19,261,14,0,0,19,69,77,493,7,0,19,41,89,37,164,38,71,0,63,74,0,118,0,0,0, 
755,4422,1291,2913,680,16,75,0,33,0,114,14,0,0,17,22,14,100,14,0,0,6,45,7,40,0,0,0,95,15,0,0,0,93,0, 
1779,4016,1074,2057,363,10,62,59,64,12,156,94,0,0,0,0,0,0,0,0,0,30,0,0,0,0,0,0,119,0,0,0,0,0,0, 
25,30,23,92,18,34,0,0,0,0,35,0,0,0,19,0,11,181,0,0,39,43,118,13,238,0,0,15,11,49,51,670,714,150,302, 
0,0,40,145,34,0,0,0,0,0,30,0,13,25,0,4,35,136,20,22,47,119,4,41,496,352,0,34,29,74,0,235,433,29,97, 
26,0,28,122,0,13,31,0,31,0,67,13,4,24,74,84,42,219,110,0,43,52,25,22,149,99,23,105,44,29,0,57,56,30,4, 
0,0,0,45,25,0,0,0,0,0,24,124,30,93,12,33,14,51,50,0,70,0,76,0,71,46,0,8,0,18,0,98,71,0,0, 
0,14,0,30,0,0,18,0,20,0,122,133,108,155,0,48,0,63,22,12,0,56,0,0,37,0,0,0,12,12,0,134,111,0,11, 
0,81,0,177,89,34,0,0,30,11,0,0,0,0,0,61,20,144,17,0,64,48,95,0,252,56,0,16,129,117,14,845,847,49,104, 
0,0,14,111,0,0,0,0,21,0,41,86,17,0,0,51,0,328,0,21,45,78,84,0,575,171,87,73,7,129,8,767,109,22,63, 
0,6,0,247,0,4,0,0,94,20,51,13,6,0,36,44,15,219,28,19,57,46,91,30,139,88,17,48,60,53,0,129,53,0,19, 
0,17,0,84,0,0,0,10,122,20,253,138,5,0,12,98,30,50,76,23,23,46,134,0,96,39,0,0,0,57,10,194,42,31,15, 
0,36,18,91,0,0,0,86,102,28,274,106,0,0,18,103,19,76,19,0,0,185,32,0,0,0,0,0,27,150,0,44,0,0,0, 
469,958,197,852,140,17,0,0,25,0,0,0,0,0,89,25,0,0,0,0,0,902,647,124,114,0,0,0,1283,898,67,309,45,0,28, 
155,693,197,517,17,31,14,0,18,0,0,0,10,0,559,354,0,38,0,0,0,699,292,53,272,0,0,0,708,405,0,134,71,0,0, 
137,641,304,580,175,0,0,59,31,0,52,0,74,0,198,63,15,111,11,0,0,132,45,0,222,0,15,0,94,17,70,83,4,22,0, 
381,299,127,248,87,27,18,115,49,0,118,0,0,20,64,16,0,0,0,0,23,16,0,0,113,0,0,0,147,0,0,0,2,0,0, 
135,150,13,133,0,0,23,66,37,53,63,35,39,24,22,0,0,12,0,0,0,0,0,0,0,0,0,0,0,0,0,0,0,0,0, 
182,1118,275,1110,73,0,0,0,0,0,0,0,0,0,0,0,0,65,0,0,0,595,466,19,189,0,0,0,847,612,83,194,22,0,10, 
258,508,301,677,55,85,63,0,0,0,41,0,0,0,195,122,0,37,0,7,0,1209,302,22,93,0,0,0,573,164,0,222,0,0,39, 
219,333,269,420,113,49,17,8,0,0,73,0,0,0,79,158,31,39,0,0,0,128,104,0,83,7,21,0,81,139,41,123,21,0,0, 
252,209,150,166,84,0,0,0,110,28,93,32,0,0,5,0,14,19,0,0,0,43,0,0,146,0,0,0,24,1,0,0,0,0,0, 
177,347,80,68,100,21,0,84,117,39,107,42,13,0,7,24,0,0,11,0,0,0,0,0,0,0,0,0,6,113,0,0,0,0,0, 
0,0,68,14,0,0,0,0,0,0,0,0,0,0,0,0,0,0,0,0,0,0,24,0,0,0,0,0,0,0,0,0,0,0,0, 
0,176,0,10,0,0,0,0,0,0,0,0,0,0,0,0,0,0,0,26,0,0,0,0,0,0,0,0,20,0,0,27,0,0,0, 
85,130,103,73,28,0,0,0,0,0,0,0,0,0,0,0,0,0,0,0,0,0,0,0,0,0,0,0,0,0,0,0,0,0,0, 
27,92,4,62,8,8,0,0,0,0,0,0,0,0,0,0,0,8,0,0,0,0,0,0,0,0,18,0,0,0,0,0,0,0,0, 
15,49,22,45,0,0,0,0,0,0,0,0,0,0,0,0,0,0,0,0,0,0,0,0,0,0,0,0,0,0,0,0,0,0,0, 
25,65,0,88,26,0,0,0,0,0,0,0,0,0,0,0,0,0,0,0,0,0,29,0,0,0,0,0,0,0,0,0,0,0,0, 
0,35,43,56,0,0,0,0,0,0,0,0,0,0,0,0,0,0,0,0,0,0,0,0,0,0,0,0,18,0,0,0,14,0,0, 
0,74,15,41,9,0,3,0,0,0,0,0,0,0,0,0,0,0,0,0,0,0,0,0,0,0,0,0,0,0,0,0,0,0,0, 
8,60,46,51,8,0,0,0,0,0,0,0,0,0,0,0,0,0,0,0,0,0,0,0,0,0,0,0,0,0,0,0,0,0,0, 
61,7,13,36,10,0,0,0,0,0,0,0,0,0,0,0,0,0,0,0,0,0,0,0,0,0,0,0,0,0,0,0,0,0,0, 
0,0,0,91,0,0,0,0,0,0,0,0,0,0,0,0,0,29,0,0,0,0,0,0,0,0,0,0,0,0,0,15,0,0,0, 
0,15,0,0,0,0,0,0,0,0,0,0,0,0,0,0,0,0,0,0,0,0,0,0,0,0,0,0,0,0,0,0,0,0,0, 
0,13,0,14,0,0,0,0,0,0,0,0,0,0,0,0,0,0,0,0,0,0,0,0,0,0,0,0,0,0,0,0,0,0,0, 
0,14,0,15,0,0,14,0,0,0,0,0,0,0,0,0,0,0,0,0,0,0,0,0,0,0,0,0,0,0,0,0,0,0,0, 
0,0,0,61,0,0,0,0,0,0,0,0,0,0,0,0,0,0,0,0,1,0,0,0,0,0,0,0,0,0,0,0,0,0,0, 
0,27,7,30,0,0,0,0,0,0,0,0,0,0,0,0,0,0,0,0,0,0,0,0,0,0,0,0,0,0,0,16,0,0,0, 
0,0,0,32,0,0,0,0,0,0,0,0,0,0,0,0,0,0,0,0,0,0,0,0,15,0,0,0,0,0,0,0,0,0,16, 
0,34,0,0,19,0,0,0,0,0,76,0,0,0,0,0,0,0,0,0,0,0,0,0,0,0,0,0,0,0,0,0,0,0,0, 
0,0,22,0,0,0,0,0,0,0,0,0,0,0,0,0,0,0,0,0,0,0,0,0,0,0,0,0,0,0,0,0,0,0,0, 
0,0,0,66,0,0,0,27,0,0,0,0,0,0,0,0,0,0,0,0,0,0,0,0,0,0,0,0,0,0,0,0,0,0,0, 
0,230,38,470,0,0,0,0,0,0,0,0,0,0,0,0,0,0,0,0,0,0,54,0,0,0,0,0,0,53,0,84,7,0,0, 
0,163,88,191,4,60,9,0,27,13,11,0,0,0,0,0,0,30,0,27,0,0,0,0,0,0,0,0,0,0,0,0,0,0,0, 
14,34,56,241,81,0,0,0,32,0,0,0,0,0,0,0,0,0,0,0,0,0,0,0,0,0,0,0,0,0,0,0,0,0,0, 
12,137,99,163,14,0,0,0,0,0,19,0,0,0,0,0,0,0,0,0,0,24,0,0,0,0,0,0,0,0,0,0,0,0,0, 
43,61,10,102,26,0,0,26,0,9,0,0,0,15,0,0,0,0,0,0,0,0,0,0,0,0,0,0,0,0,0,0,0,0,0, 
0,153,70,602,38,44,0,0,0,0,0,0,0,0,0,0,0,0,0,0,0,0,0,0,58,69,0,0,0,8,0,49,0,0,0, 
3,201,80,212,61,0,0,0,0,0,27,0,0,0,0,0,0,0,0,0,0,0,0,0,13,0,0,0,0,58,0,20,0,0,0, 
0,134,95,355,68,24,39,0,0,8,0,0,0,0,0,0,0,36,0,0,0,0,0,0,0,0,0,0,0,21,0,0,0,0,0, 
91,120,41,132,0,46,20,0,0,0,20,0,0,0,0,0,0,28,0,0,0,0,0,0,14,0,0,0,0,0,0,0,0,0,0, 
55,174,70,38,46,24,0,7,16,0,0,15,0,0,0,0,0,0,0,0,0,0,0,0,0,0,0,0,0,0,0,0,0,0,0 
*****