2010 Education by Immigration status in Arizona, race/ethnicity, gender, age 25+, wgtd 2008-12 ACS, SSDAN/U-Mich
5
RaceEth,Gender,AgeEduc,Immentry,EducAll
7,2,5,5,7
NhWhite, Black, Asian, Hispanic, AmIndian, NHOther,NHMulti
Male, Female
25-34,35-44,45-54,55-64,65+
Native,FB<1980,FB80-89,FB90-99,FB00-Current
0-9Yrs,10-12Yrs,HSGrad,SomeColl,CollGrad,Masters,PhD-Prof
7007,42816,32342,120182,9799,2646,1271,0,16,52,35,42,29,0,13,271,150,603,88,59,31,134,438,198,1286,88,40,8,360,925,289,2205,725,56,231, 
6436,44858,26734,120237,16677,4512,2568,20,116,99,942,77,163,17,70,312,168,805,297,160,21,226,1066,138,1513,320,126,444,258,713,80,1461,315,49,170, 
8024,59768,34303,127208,19676,5918,3228,111,766,320,1744,529,78,100,94,399,62,1115,372,95,169,98,871,280,1596,339,192,169,262,481,223,824,215,54,65, 
6710,46791,28054,126904,26045,7905,4798,172,1141,509,2932,673,220,162,70,339,87,897,274,44,130,82,441,27,924,222,110,122,213,862,245,1100,236,123,77, 
18056,76407,38466,135802,31221,11874,8966,1705,3331,1241,4543,1365,501,571,305,403,119,481,135,172,0,325,585,55,561,128,83,64,527,1170,109,1205,188,99,30, 
4987,33651,22488,124766,15996,2893,1576,0,83,0,107,20,28,0,0,161,59,422,166,0,0,58,547,43,1103,126,79,18,433,1017,292,2491,636,76,146, 
4170,35785,25495,117941,21119,3555,2133,0,265,160,638,117,48,57,30,533,230,815,202,53,31,162,818,325,2513,477,199,72,345,515,342,1718,442,176,38, 
7261,55752,35045,136698,22142,4328,1932,211,812,369,1876,331,68,102,84,551,258,1535,211,110,139,98,1015,248,2205,540,75,101,140,690,263,1146,239,49,75, 
5435,62632,34705,131353,29083,4139,3146,306,2006,1005,3137,449,107,55,78,748,130,930,276,40,41,77,601,210,885,224,17,0,247,1070,206,1263,136,77,13, 
20843,135870,44319,139049,25328,3119,2920,2320,7966,2015,7100,817,224,121,277,668,104,514,54,0,11,413,717,173,798,61,17,27,558,1235,306,1016,53,29,74, 
913,5842,2966,8731,362,267,43,0,0,0,0,0,0,0,0,4,0,121,35,0,0,14,113,59,407,0,11,10,450,504,184,873,124,17,0, 
802,4700,3085,8266,1013,143,67,0,40,0,24,11,0,0,30,68,44,268,26,0,0,59,143,195,438,84,61,0,209,365,88,562,115,71,10, 
712,4126,2301,7012,944,241,41,15,53,0,97,0,0,14,31,40,0,391,29,0,14,46,62,26,126,55,0,43,145,150,50,379,158,8,51, 
389,2428,1121,5037,774,105,250,0,0,62,91,98,0,24,136,14,36,83,14,0,51,10,12,0,54,0,44,0,74,230,0,50,16,0,0, 
1395,1910,1059,2582,277,71,68,36,48,56,9,41,0,0,8,0,0,91,19,0,0,0,15,0,22,0,12,0,36,0,0,13,0,0,0, 
712,3068,2125,9383,988,198,74,0,0,0,0,0,0,0,0,0,0,102,0,9,0,0,109,30,255,27,10,0,471,504,39,592,41,0,0, 
369,3289,1781,8189,1221,183,98,0,0,42,180,11,0,0,0,11,16,26,66,0,115,41,117,82,329,178,80,0,85,268,189,536,28,14,32, 
576,3597,1462,8148,779,205,142,4,114,19,96,40,0,0,117,81,0,125,25,0,0,182,19,27,44,111,0,0,74,258,76,184,12,0,0, 
659,1879,1346,5164,767,36,98,0,43,17,160,5,20,0,0,15,0,29,0,0,26,0,17,9,0,42,0,0,80,23,85,86,0,0,0, 
1368,2356,1244,3249,581,50,86,10,20,46,255,0,0,0,0,11,0,57,0,0,12,0,13,0,14,0,0,0,68,36,0,62,0,0,0, 
221,790,669,3341,370,349,76,0,0,26,164,91,69,34,21,391,103,710,57,75,0,96,454,164,1295,184,55,41,214,506,101,3508,2795,198,298, 
56,737,378,1760,232,232,103,33,66,55,734,140,115,32,241,797,165,1103,335,99,189,377,433,158,1546,1355,216,536,466,598,36,1534,883,138,418, 
81,373,154,1322,304,135,95,60,241,143,898,151,175,71,416,420,181,1493,590,93,286,297,416,138,712,418,100,78,283,305,14,704,227,15,53, 
105,300,60,750,140,102,0,120,194,67,935,279,44,107,214,225,65,704,238,85,42,366,361,90,342,72,47,44,148,166,18,556,102,25,29, 
62,291,113,583,90,24,82,196,330,29,709,323,172,198,266,229,40,356,59,131,38,181,305,12,264,27,0,0,121,270,4,451,21,126,0, 
16,342,326,3291,507,255,51,0,116,46,249,23,0,24,0,146,153,1294,134,19,67,143,456,130,1401,170,81,41,453,1022,250,4753,2659,180,219, 
87,570,136,1563,370,220,89,0,214,103,808,279,149,81,93,608,185,1639,230,91,49,543,680,172,2735,1120,141,255,404,950,260,2914,698,166,172, 
34,414,88,1513,225,113,27,177,285,153,972,48,53,16,271,1241,215,1844,255,87,71,328,527,137,1593,373,99,36,363,492,138,1049,130,52,51, 
9,232,87,752,267,0,14,514,949,329,2070,155,81,135,436,491,165,988,168,13,21,623,462,94,716,80,0,24,232,295,28,567,97,18,15, 
226,580,89,439,140,0,21,829,1238,286,1362,118,170,16,533,274,36,456,115,0,31,455,371,37,159,45,0,0,489,244,8,380,35,66,0, 
8898,27999,11945,31690,928,387,190,65,581,209,346,12,8,0,1852,3760,1324,2709,186,18,10,11102,9088,1268,3978,216,67,13,14467,10780,1797,3723,288,211,18, 
5424,17537,8617,23037,2257,457,242,885,2560,852,2449,48,7,25,9543,6272,1333,4168,112,96,12,12141,9142,1047,3511,200,160,19,7601,4013,540,2597,196,102,38, 
5032,15436,5904,16843,1043,414,232,6095,3003,959,2759,183,144,97,9497,4425,1303,3326,167,95,43,5612,2181,623,1602,236,91,83,2786,1639,201,1448,109,108,0, 
3442,7386,4344,11508,1112,268,239,7142,2953,926,2796,211,93,88,4105,1464,336,970,150,54,68,1837,392,188,465,86,0,19,1257,325,241,238,30,14,51, 
7993,6072,3325,6398,683,115,196,6716,1631,459,1233,259,223,40,2145,242,123,198,0,0,16,1223,211,0,144,40,12,0,2011,281,30,159,0,0,0, 
6331,23395,10177,36707,2147,284,104,109,228,282,344,56,0,0,1578,3410,1043,2928,128,24,0,9491,10195,1810,4064,203,119,0,11014,8277,907,5269,218,225,22, 
5335,15865,8048,25030,2897,325,223,771,1713,728,2600,209,150,0,6679,5912,1270,4000,254,63,24,13938,9763,1785,4972,144,206,0,6180,4442,853,2944,239,266,44, 
4520,14456,7172,18120,2073,496,209,4290,3569,1162,3491,319,13,0,7938,3851,908,2745,157,113,9,7353,2734,704,2335,140,89,32,3233,1733,321,1206,11,68,0, 
4466,10318,4679,9436,1683,131,216,6211,3643,1060,2032,312,34,50,4322,943,406,1003,79,13,28,2843,916,169,496,12,0,0,2020,891,198,378,22,19,68, 
12900,9757,3075,4835,680,21,51,9403,2868,647,1765,180,70,56,2069,452,28,141,0,14,16,2290,469,51,304,7,0,0,2264,328,42,151,38,0,0, 
2430,8967,2856,5684,334,0,9,0,0,0,0,0,0,0,17,9,0,0,0,0,0,73,73,0,48,0,0,0,0,31,36,0,0,0,0, 
2682,7270,2027,5747,471,31,11,0,19,0,18,0,0,0,116,6,12,0,0,0,0,76,74,0,12,0,0,0,34,24,0,0,0,0,0, 
2206,6508,1771,4368,187,96,41,49,14,13,5,0,0,10,0,84,14,37,0,0,0,12,22,0,0,42,0,0,0,0,0,22,0,0,11, 
1678,3763,720,3469,216,73,0,32,23,0,0,0,0,40,96,0,0,0,0,0,0,15,0,0,0,0,0,0,13,0,0,0,0,0,0, 
4058,1844,568,1480,155,51,20,53,0,0,0,0,0,0,39,0,0,12,0,0,0,0,0,0,0,0,0,0,21,0,0,0,0,0,0, 
1988,7084,2572,8345,386,33,0,0,0,0,60,0,0,0,19,44,0,13,0,0,0,29,49,0,24,0,0,0,71,0,0,41,0,0,0, 
1623,5867,1953,7472,527,99,0,0,7,39,39,0,0,17,0,25,0,0,0,0,0,133,138,0,54,0,0,0,60,0,0,46,0,0,0, 
2352,6321,1691,6712,561,39,114,0,0,46,0,0,0,0,66,0,0,15,26,0,0,51,0,0,0,0,0,0,85,16,0,35,0,0,0, 
2302,3522,1343,4179,471,89,42,9,36,35,21,0,0,9,32,11,0,33,0,0,0,0,0,0,0,0,0,0,19,0,0,0,0,0,0, 
6188,2030,867,1721,492,23,0,87,0,5,61,0,0,0,0,0,0,0,0,0,0,0,0,0,28,0,0,0,70,0,0,0,0,0,0, 
0,116,52,352,44,0,0,0,0,0,0,0,0,0,0,0,16,0,0,0,0,0,0,14,97,0,0,0,0,0,48,101,3,0,0, 
14,38,37,297,82,12,0,0,0,0,0,0,0,0,0,0,0,18,0,0,0,22,0,0,0,0,13,0,0,0,0,0,0,0,0, 
0,79,87,108,33,30,0,0,0,0,0,0,0,0,2,0,0,0,0,0,0,47,13,43,8,0,0,0,0,0,0,0,0,0,0, 
24,17,49,115,15,16,0,0,0,0,0,0,0,0,35,0,0,0,0,0,0,0,0,0,0,10,0,0,0,0,0,0,0,0,0, 
48,23,5,40,53,7,8,16,10,0,32,0,0,0,0,0,0,0,0,0,0,0,0,0,0,0,0,0,0,0,0,0,0,0,0, 
0,48,14,221,18,0,0,0,0,0,0,0,0,0,0,0,0,0,0,0,0,0,0,13,20,0,0,0,40,0,15,35,0,0,0, 
33,57,0,122,29,0,0,0,0,0,19,0,0,0,0,10,0,13,0,0,0,58,17,10,8,0,9,0,0,32,33,27,0,0,0, 
0,169,0,179,122,0,0,0,0,0,63,0,0,0,0,0,0,19,11,0,0,21,12,0,0,0,3,0,0,0,0,0,0,0,0, 
8,6,60,24,41,0,0,0,0,0,0,0,0,0,0,0,0,0,0,0,0,21,0,16,0,0,0,0,0,0,0,48,0,0,48, 
12,0,28,29,17,0,13,43,0,10,0,0,0,0,0,0,0,0,0,0,0,0,0,0,0,0,0,0,7,0,0,0,0,0,0, 
339,1171,680,3219,183,76,38,0,0,0,0,0,0,0,0,36,0,30,0,0,0,0,37,10,13,0,0,0,0,171,60,138,97,0,77, 
148,860,912,1995,302,40,53,0,33,42,28,19,16,0,0,10,17,28,0,0,0,0,152,8,34,0,0,0,38,58,0,151,47,34,0, 
82,1062,603,1634,208,25,67,0,89,22,131,40,0,0,0,0,18,49,18,0,9,13,34,16,53,21,0,0,0,71,0,47,0,0,0, 
148,536,556,1359,151,27,34,19,0,0,6,12,0,0,0,15,0,47,27,13,54,0,13,0,44,0,0,0,0,0,0,0,0,0,0, 
171,362,287,754,182,40,14,30,11,23,16,52,30,23,13,7,0,7,0,0,0,0,0,80,0,0,17,0,31,0,0,0,0,0,0, 
94,1267,688,4028,456,83,56,0,0,0,0,0,0,0,0,105,0,37,0,0,0,0,41,0,65,0,23,0,0,175,43,236,32,0,0, 
72,751,625,2541,396,60,12,0,36,85,138,0,0,0,0,19,14,38,0,0,0,0,43,32,65,0,0,0,0,80,32,82,23,11,0, 
101,589,610,2272,272,86,10,0,85,0,178,23,0,0,54,39,22,58,0,0,0,30,0,0,78,12,0,0,0,68,0,37,37,96,10, 
137,536,375,1611,182,95,8,0,44,0,97,16,0,0,0,0,0,75,0,43,0,0,33,24,13,14,0,0,0,0,0,54,0,2,0, 
221,657,412,786,133,10,49,40,12,0,128,2,0,19,0,0,0,0,0,0,5,0,0,0,38,0,0,0,30,12,0,23,0,17,0 
*****