2010 Education by Immigration status in Maryland, race/ethnicity, gender, age 25+, wgtd 2008-12 ACS, SSDAN/U-Mich
5
RaceEth,Gender,AgeEduc,Immentry,EducAll
7,2,5,5,7
NhWhite, Black, Asian, Hispanic, AmIndian, NHOther,NHMulti
Male, Female
25-34,35-44,45-54,55-64,65+
Native,FB<1980,FB80-89,FB90-99,FB00-Current
0-9Yrs,10-12Yrs,HSGrad,SomeColl,CollGrad,Masters,PhD-Prof
5910,40202,17062,90941,15914,4465,2076,0,98,0,161,2,20,0,0,39,0,349,211,57,77,88,204,90,1092,249,119,62,117,662,45,1938,1067,393,718, 
7000,45986,18714,83521,22165,7834,3954,24,200,37,562,196,34,49,39,111,49,640,244,39,159,62,548,200,1425,790,325,679,127,405,163,1336,751,193,705, 
10389,69413,24116,100106,28676,9838,6095,82,570,199,1507,537,108,182,127,323,115,750,664,149,316,0,541,187,1247,531,345,549,166,277,22,778,666,112,410, 
9504,51251,19163,81715,28364,11777,8526,228,699,228,1860,676,318,729,55,253,35,762,407,179,351,74,168,43,626,335,111,339,89,100,65,306,234,33,79, 
24039,56234,19558,64903,22152,11644,9774,1190,1637,418,2287,1203,794,1246,90,89,42,382,201,34,178,111,331,33,537,276,46,218,25,79,0,228,76,10,0, 
4707,26241,14512,96727,25873,4491,2587,0,0,0,43,18,0,13,15,188,0,591,136,35,15,80,389,33,1012,388,63,38,129,575,147,3169,1074,420,628, 
4582,39183,16976,92851,30997,7329,3706,24,245,35,784,163,103,36,38,217,94,714,169,146,89,156,437,108,1926,1080,377,371,49,532,163,2096,1160,319,362, 
6729,64207,27282,114926,31217,7638,4002,115,372,207,1279,581,75,120,145,358,121,1286,718,125,247,16,754,174,1325,613,178,292,19,354,156,955,455,94,68, 
8085,59930,22774,84836,32783,5651,4585,317,1157,553,2245,1046,156,232,55,337,66,831,374,70,163,45,379,36,753,336,56,130,89,373,13,402,212,17,30, 
31108,111597,25372,74325,21056,2679,3207,2269,5212,1093,4077,1391,219,382,216,295,83,346,59,66,84,307,431,81,807,360,160,113,158,306,71,365,71,0,18, 
5423,30348,11762,38273,3563,625,192,0,26,0,36,21,0,0,22,283,68,1092,38,0,27,164,1349,291,2272,354,34,83,820,2475,707,5555,646,252,22, 
4229,32039,11308,36504,5377,998,798,56,162,131,663,130,69,59,123,859,353,1927,276,121,29,470,1798,349,3470,1012,224,144,187,2043,791,4381,1343,323,51, 
7887,38685,11435,34821,4581,1394,759,136,351,95,1432,372,23,101,266,1126,224,3706,977,161,136,265,1362,272,1807,756,130,202,426,1141,160,1584,692,233,191, 
6395,24368,8206,24858,4381,1060,923,142,624,363,1559,603,135,323,195,594,186,1144,295,67,181,67,498,66,665,313,48,142,64,287,76,591,104,0,53, 
13892,20275,4498,13860,3076,841,933,174,459,172,614,185,161,169,84,190,51,232,76,0,43,120,106,11,343,120,0,71,96,64,18,225,71,22,0, 
2995,27229,10163,54040,9501,1339,776,0,0,0,42,0,0,0,68,164,26,1482,483,49,0,76,727,513,3861,626,179,97,674,2546,897,6878,959,110,6, 
3526,31601,10407,52451,13210,1918,894,25,101,279,546,185,39,146,111,792,153,2138,820,189,205,132,1648,606,4686,844,296,124,497,2262,718,3878,774,129,158, 
5506,38262,11803,54828,10105,1953,995,81,452,269,1902,361,165,0,117,962,386,2818,788,203,0,417,1684,328,2219,414,123,193,258,1736,194,1832,327,30,38, 
5471,31384,10879,34176,9205,1159,1060,130,650,307,1802,732,112,54,327,788,200,698,110,21,44,300,320,121,695,291,33,32,498,577,52,709,173,0,128, 
16980,32698,7897,21372,6142,432,844,474,912,201,1114,253,74,20,217,434,152,184,23,8,26,472,644,50,430,0,35,26,834,290,14,347,68,0,0, 
156,449,256,3723,995,538,194,3,44,0,164,184,16,0,0,305,170,2050,316,124,28,193,696,42,2779,530,125,175,155,703,77,4079,3485,580,1583, 
93,248,55,1318,697,342,169,88,114,48,1185,617,190,99,172,448,239,1902,690,167,141,540,994,359,2826,2670,315,1158,372,1176,124,3628,1798,339,1395, 
0,41,51,664,319,164,147,128,530,109,1334,758,182,119,416,926,233,2843,1378,377,1273,462,801,188,1722,926,322,997,323,404,85,1909,558,161,555, 
86,171,88,477,113,92,96,173,659,193,2352,1088,682,500,285,672,75,1757,584,199,568,465,598,192,1101,495,112,128,149,330,38,939,248,105,62, 
27,41,34,251,124,101,94,503,751,117,1859,1368,844,1285,699,732,33,722,217,93,135,364,409,19,551,185,29,52,217,464,68,685,147,61,79, 
12,237,104,3212,1480,656,190,17,0,0,214,35,84,14,68,134,97,1677,662,353,15,99,800,203,2659,849,230,134,578,1772,372,6767,4629,925,856, 
0,220,159,898,738,517,79,35,101,25,939,802,321,128,139,578,159,1983,572,248,337,810,1265,380,4955,2525,364,740,727,1507,276,5437,1852,237,702, 
102,278,55,696,288,119,4,88,625,93,1785,426,340,121,735,1591,413,4168,1299,264,569,592,1198,372,2744,939,345,303,318,1092,166,2145,662,100,127, 
73,119,0,581,199,111,62,495,1164,350,3416,875,217,229,733,1226,304,2086,435,184,170,781,801,153,1523,208,131,112,564,909,91,722,214,0,90, 
85,301,37,260,79,15,20,1240,1620,218,3116,890,560,197,1266,732,126,544,130,80,36,795,730,123,407,50,61,17,955,709,90,768,48,34,42, 
946,2282,1005,5274,887,153,84,15,67,16,109,15,0,0,704,1003,318,1110,112,0,0,5649,3588,723,1920,155,16,14,12912,6753,1178,3287,164,128,131, 
539,1510,507,3322,1051,158,175,25,230,90,417,31,32,8,2864,2085,612,1240,137,23,21,6668,3590,491,1690,223,91,219,5675,2993,87,2082,426,125,88, 
354,990,641,2294,731,197,260,514,497,157,775,209,130,12,2781,2137,347,1427,301,66,96,1439,1090,138,1153,109,102,173,1769,893,171,1138,127,87,11, 
301,401,199,1213,269,96,125,504,641,266,879,256,100,50,1362,440,36,545,137,82,137,512,277,47,323,135,0,54,468,318,17,321,83,34,0, 
252,225,243,623,239,5,53,913,500,143,426,280,238,139,193,127,28,49,34,34,35,368,286,0,62,29,0,0,195,95,0,215,61,74,21, 
364,1557,1237,5578,892,238,175,21,20,0,60,0,0,0,173,567,143,903,94,15,0,4096,2984,484,2005,140,71,12,9186,4917,535,3038,255,146,47, 
658,894,421,3599,1216,187,108,146,222,44,303,87,36,15,1535,1672,421,908,116,0,17,4954,2835,615,2073,282,162,58,3572,2442,140,1854,458,161,120, 
226,941,465,2779,773,156,113,313,542,258,691,252,50,34,2211,1436,385,1829,218,111,121,1923,1303,324,1052,291,97,61,947,1158,34,1206,145,69,37, 
122,521,327,1130,377,82,24,567,753,288,1376,166,67,10,928,327,166,659,84,20,34,693,295,0,576,34,24,9,1198,326,77,434,51,39,9, 
395,704,267,556,95,44,78,1254,1258,518,1325,238,136,29,533,291,88,128,64,0,0,439,174,0,69,35,42,0,583,234,0,126,0,19,0, 
40,210,213,296,1,0,0,0,0,0,0,0,0,0,0,0,0,13,0,0,0,13,64,0,0,0,0,0,150,97,13,44,17,0,0, 
39,212,142,336,30,26,35,0,16,0,8,0,0,0,76,18,0,13,0,0,20,192,19,0,0,0,0,0,126,158,0,114,0,0,13, 
30,224,223,269,126,9,35,0,0,0,13,0,0,0,14,48,0,36,0,0,0,0,14,0,35,0,0,0,11,0,0,45,0,0,0, 
141,124,58,271,126,14,0,23,0,16,0,0,0,0,13,0,0,0,0,0,0,0,0,0,0,0,0,0,0,0,0,0,0,0,0, 
164,239,85,94,21,10,15,11,0,0,21,0,11,0,9,0,0,0,0,0,0,0,0,0,0,0,0,0,0,0,0,0,0,0,0, 
39,21,70,537,34,0,0,0,0,0,0,0,0,0,0,0,0,0,0,0,0,45,14,0,12,0,0,0,52,56,0,52,21,0,0, 
15,282,95,484,154,36,0,0,0,0,0,0,0,0,46,12,0,19,0,0,0,148,24,38,49,0,0,0,43,0,0,29,0,0,0, 
91,498,134,515,108,26,0,0,0,0,0,0,13,0,9,33,0,14,0,0,0,12,0,13,0,20,0,0,0,10,0,14,0,0,0, 
77,429,68,328,112,8,13,75,0,0,0,0,0,0,61,0,0,0,10,0,0,0,11,0,0,0,0,0,0,0,0,0,0,0,0, 
184,285,29,92,12,0,34,21,22,0,0,0,0,0,109,0,0,0,0,0,0,0,0,0,0,0,0,0,0,0,0,0,0,0,0, 
0,49,57,178,84,20,0,0,0,0,0,0,0,0,0,0,0,17,0,0,0,41,0,0,66,0,0,0,40,84,48,45,80,15,12, 
0,82,0,173,46,12,32,0,0,0,0,0,0,0,14,0,0,30,0,0,0,139,13,22,18,43,15,4,20,0,0,94,0,0,0, 
0,112,15,80,50,45,0,0,15,0,18,0,0,0,20,13,0,35,0,0,0,0,14,0,63,55,15,0,24,0,0,0,0,0,0, 
0,0,13,33,62,44,22,0,0,0,28,31,0,0,0,0,0,49,0,0,0,0,0,0,0,0,0,0,0,0,0,62,0,0,0, 
23,7,8,8,27,0,49,0,0,0,0,0,0,0,0,0,0,14,0,0,0,0,0,0,0,0,0,0,0,0,0,0,0,0,0, 
0,48,47,343,51,0,47,0,0,0,0,0,0,0,0,0,0,0,0,0,0,12,0,0,85,16,39,0,42,36,30,269,25,13,25, 
28,0,14,191,0,26,0,0,0,0,45,0,0,0,0,21,0,170,20,16,15,0,68,0,121,36,0,0,60,24,74,84,0,0,0, 
0,0,11,246,82,130,86,0,18,0,22,0,0,0,0,58,0,48,15,0,0,16,29,0,24,22,0,0,0,0,0,34,0,0,0, 
0,76,0,302,17,18,0,0,2,0,0,0,0,0,0,0,0,39,0,0,0,0,0,0,80,0,0,0,0,0,0,0,0,67,0, 
0,33,0,81,12,0,0,11,0,0,52,0,0,0,0,0,0,0,0,16,0,0,20,0,0,0,0,0,19,0,0,20,0,0,0, 
423,1615,656,3286,340,111,42,0,0,0,36,0,0,0,0,28,90,61,0,0,0,0,38,25,145,0,0,0,67,78,38,297,209,20,0, 
282,799,779,2033,520,141,94,0,0,39,198,34,0,0,15,14,11,117,116,0,20,0,79,92,65,16,26,34,40,59,0,73,74,52,34, 
224,725,411,1472,487,331,48,48,76,0,119,13,0,0,16,47,49,244,17,18,33,11,30,10,41,22,0,0,0,24,12,48,17,0,0, 
143,441,399,1178,286,64,22,10,0,47,101,104,0,10,0,29,0,47,0,18,30,8,28,0,16,0,0,17,14,0,0,106,0,36,22, 
103,308,152,319,164,93,37,0,38,12,113,47,9,68,0,9,0,0,17,32,0,6,0,0,8,0,0,0,0,0,0,18,18,0,0, 
233,973,627,3858,633,187,45,0,0,13,14,0,0,0,0,13,0,64,40,0,44,0,102,17,136,127,18,0,14,103,0,261,40,49,0, 
95,463,538,3077,659,173,84,0,0,0,47,0,0,0,0,100,0,166,17,33,28,11,71,0,159,70,25,0,0,31,0,140,4,33,13, 
110,792,322,2182,614,174,27,0,30,54,237,25,31,4,0,143,18,226,72,26,0,0,23,0,72,92,17,0,24,33,35,111,11,0,0, 
172,846,396,1408,387,65,20,17,99,28,84,25,16,15,0,45,0,81,13,12,10,20,0,48,34,0,0,0,6,32,0,41,19,0,0, 
425,652,298,684,207,61,20,50,132,14,67,95,17,0,0,34,0,0,16,0,0,26,64,50,13,0,0,0,0,16,0,61,0,0,0 
*****