2010 Education by Immigration status in Kentucky, race/ethnicity, gender, age 25+, wgtd 2008-12 ACS, SSDAN/U-Mich
5
RaceEth,Gender,AgeEduc,Immentry,EducAll
7,2,5,5,7
NhWhite, Black, Asian, Hispanic, AmIndian, NHOther,NHMulti
Male, Female
25-34,35-44,45-54,55-64,65+
Native,FB<1980,FB80-89,FB90-99,FB00-Current
0-9Yrs,10-12Yrs,HSGrad,SomeColl,CollGrad,Masters,PhD-Prof
14685,51828,23773,79729,5134,3104,914,0,15,0,0,14,0,0,15,4,17,222,31,47,0,57,17,0,250,33,70,0,107,185,33,375,561,138,194, 
15113,55278,20933,66995,7243,3697,1485,0,304,0,270,23,14,0,21,0,18,171,11,57,0,13,186,32,288,206,82,61,52,244,0,343,23,27,92, 
21299,76754,21837,67043,8319,5084,2193,72,127,129,755,109,0,26,0,163,103,133,61,74,45,62,95,16,394,66,0,61,90,85,49,100,41,40,16, 
16072,53542,21228,66690,10262,5161,2836,15,147,176,495,17,49,13,36,124,4,32,30,14,47,0,24,11,98,20,0,0,0,111,12,93,0,14,17, 
29721,55176,21825,52439,9365,5514,3371,227,375,57,444,96,187,106,30,88,0,44,0,0,0,35,0,0,26,20,0,44,41,81,5,57,0,0,14, 
10963,38149,19008,92068,10818,3069,1176,0,0,0,19,0,0,0,0,44,5,136,13,15,0,16,50,0,231,10,22,0,31,300,3,803,260,48,90, 
10034,44888,18931,81700,10911,2575,1010,0,4,40,87,138,13,0,0,5,0,155,5,0,0,80,209,91,433,137,70,37,16,247,87,287,156,22,19, 
12601,74589,24103,79502,11691,2281,1067,79,149,54,285,31,62,23,34,216,132,246,35,13,0,97,48,102,314,42,28,70,0,62,38,311,25,0,0, 
13110,65899,23428,61828,13576,2114,1565,6,333,127,564,75,69,0,0,12,24,286,55,20,16,0,0,14,110,0,17,0,36,45,0,51,0,46,0, 
38961,101739,25041,51819,9791,1409,1118,328,1497,293,1052,119,12,38,24,117,0,44,0,0,2,69,39,0,0,17,13,0,15,40,13,23,113,0,0, 
11691,42210,11543,26867,1223,261,86,0,0,0,0,0,0,0,13,47,0,53,0,0,0,62,230,31,155,0,4,0,227,410,61,475,40,0,0, 
9487,35896,9046,24780,1396,225,306,26,14,13,0,0,0,0,0,0,25,166,0,0,0,51,123,18,114,75,7,0,146,258,0,302,35,12,0, 
13151,45013,7315,22914,1512,258,192,26,70,61,120,0,24,0,20,82,41,102,18,0,17,0,113,0,42,0,0,39,48,54,23,133,21,12,3, 
13075,28319,5737,18246,1705,576,400,0,81,9,32,46,0,62,30,62,0,70,22,12,39,0,0,0,67,0,0,0,15,19,0,69,0,0,0, 
19708,16346,3137,7947,1743,376,429,87,155,0,126,0,37,22,0,34,0,26,0,0,0,0,94,0,0,0,0,0,0,0,0,0,0,0,0, 
8035,37881,9860,46954,3920,674,313,0,61,0,0,0,0,0,0,0,0,15,0,0,0,0,133,0,72,8,0,0,62,148,20,280,43,0,0, 
7193,34550,9038,35989,4629,494,511,0,90,25,29,0,0,0,0,16,0,138,0,0,0,29,88,36,192,0,9,14,130,0,76,151,106,0,0, 
10245,41475,8771,38402,3780,475,298,0,73,0,24,11,0,0,19,59,0,46,19,0,37,0,26,0,32,0,0,0,17,0,0,52,0,0,0, 
9910,31411,7003,25823,5110,456,307,13,85,0,81,0,0,0,0,13,12,18,0,0,0,9,16,23,0,0,0,0,0,0,0,0,0,0,0, 
27840,27589,4663,11423,4509,280,171,118,12,0,10,0,16,0,0,0,0,40,30,0,0,49,0,0,0,0,0,0,23,10,0,0,0,0,0, 
87,647,197,1144,16,303,35,0,57,0,62,18,19,0,101,101,70,299,38,138,19,98,296,48,655,33,0,0,26,80,34,702,750,28,272, 
0,94,127,297,40,52,18,224,108,45,271,0,141,0,168,237,132,444,47,10,0,260,382,32,631,342,172,246,229,173,7,353,211,99,152, 
31,131,25,101,9,20,27,356,324,0,197,79,62,29,566,402,71,354,216,49,91,252,213,0,312,43,140,117,45,176,0,280,37,35,112, 
31,64,11,70,24,0,3,260,262,14,342,87,49,92,275,340,131,161,0,22,87,127,224,30,137,55,49,0,172,14,0,56,66,0,0, 
46,12,0,86,0,0,0,220,69,24,260,102,58,257,41,76,60,15,0,0,47,38,355,0,80,28,0,0,0,0,0,61,0,0,30, 
11,341,83,1578,272,250,80,0,41,6,113,21,20,0,32,30,0,421,27,38,0,120,230,47,343,38,11,0,79,309,67,1452,815,107,118, 
32,67,81,324,77,67,0,2,46,120,336,103,85,22,124,256,60,141,20,0,15,251,495,145,805,143,85,57,324,469,17,821,356,109,54, 
53,70,28,285,22,0,16,470,237,126,412,21,16,0,303,393,57,546,223,32,57,196,271,18,454,47,76,32,149,223,0,312,63,0,0, 
23,0,38,116,4,15,0,683,640,22,662,121,32,52,387,29,78,226,27,20,16,348,354,0,83,0,0,0,167,35,0,91,65,0,0, 
24,57,38,12,22,0,0,568,517,214,195,47,25,30,84,96,30,32,30,16,0,257,63,14,99,29,0,0,66,8,0,95,0,0,0, 
1280,2424,1216,2904,287,187,0,77,42,0,0,0,0,0,137,376,49,388,0,0,0,961,1144,219,317,5,51,0,3451,3981,353,1118,164,22,0, 
1063,2062,489,2782,450,161,32,141,138,86,247,19,14,19,837,666,192,416,54,22,10,860,1187,311,343,0,16,9,1443,1505,127,821,38,12,40, 
403,1542,377,1338,165,208,4,366,501,174,385,17,95,0,433,557,92,453,28,22,0,259,469,61,367,42,28,44,488,716,174,442,63,22,0, 
330,730,157,863,82,97,0,205,475,203,474,45,78,66,115,207,40,209,0,17,35,145,170,15,52,46,76,27,91,175,84,90,35,0,0, 
644,644,343,715,95,196,0,529,476,243,436,44,45,0,87,179,63,201,7,66,11,90,39,0,22,0,0,0,0,148,0,18,0,14,0, 
360,1235,632,3231,364,77,56,0,0,0,43,0,0,0,76,241,27,434,32,3,0,565,583,53,390,61,0,0,2628,2012,80,866,33,0,0, 
407,921,641,2366,383,92,45,96,99,69,281,0,0,0,181,248,36,476,23,0,0,444,674,168,632,40,0,7,534,1065,36,931,57,48,50, 
329,1063,382,1929,225,99,15,94,288,127,451,52,10,0,132,625,128,275,21,53,30,177,287,77,136,28,38,0,412,388,58,368,39,0,7, 
224,937,456,1080,201,48,6,270,468,147,818,28,13,50,154,223,17,200,0,25,0,162,79,17,183,0,0,0,146,44,27,41,0,10,0, 
739,1069,172,620,195,13,18,900,884,134,433,102,38,20,325,285,10,87,6,0,10,269,75,21,0,0,0,0,244,106,0,58,0,0,0, 
208,468,221,735,10,0,0,0,0,0,0,0,0,0,0,0,0,0,0,0,0,29,0,0,0,0,0,0,137,157,0,42,0,0,0, 
499,683,108,453,11,0,0,0,4,0,11,0,0,0,29,0,0,0,0,0,0,0,4,0,22,0,0,0,145,22,0,115,0,0,0, 
487,612,306,471,0,24,0,0,0,17,0,0,0,0,0,0,22,4,0,0,0,0,0,0,0,0,0,0,21,0,0,0,0,0,0, 
318,505,171,350,29,4,0,0,38,0,0,0,0,0,0,0,0,0,0,0,0,0,0,0,0,0,0,0,0,0,0,0,0,0,0, 
634,199,133,92,26,13,14,129,0,0,0,0,0,0,0,0,0,0,0,0,0,0,0,0,0,0,0,0,0,0,0,0,0,0,0, 
343,504,203,651,47,0,0,0,0,0,0,0,0,0,0,41,0,0,0,0,0,37,34,0,0,27,0,0,10,18,0,0,0,0,0, 
389,700,217,639,11,0,8,0,0,0,0,0,0,0,0,0,0,0,0,0,0,0,0,0,0,0,0,0,106,28,0,0,0,0,0, 
261,648,239,532,12,0,0,0,0,0,0,0,0,0,14,0,0,10,0,0,0,0,0,0,0,0,0,0,0,20,0,0,0,0,0, 
564,288,389,361,52,4,0,0,0,0,0,0,0,0,0,0,0,0,0,0,0,0,0,0,0,0,0,0,0,0,0,0,0,0,0, 
402,457,109,117,8,0,0,0,0,0,0,10,0,0,0,0,0,0,0,0,0,0,0,0,0,0,0,0,0,0,0,0,0,0,0, 
0,67,13,137,17,0,0,0,0,0,0,0,0,0,0,0,0,0,0,0,0,71,0,0,0,0,0,0,23,173,0,80,0,0,0, 
0,42,0,76,38,16,0,0,0,15,0,0,0,0,0,38,0,24,0,0,0,0,0,0,14,0,0,0,29,19,19,16,0,0,0, 
29,146,24,75,0,21,0,0,0,0,0,0,0,0,0,0,0,0,0,0,0,0,0,0,15,0,0,0,0,0,0,0,0,39,0, 
0,55,19,114,18,0,0,0,0,0,38,0,3,0,0,0,0,0,0,0,0,0,0,0,0,0,0,0,0,0,0,0,0,0,0, 
68,84,80,101,12,22,27,0,31,0,0,0,0,0,0,0,0,0,0,0,0,0,0,0,0,0,0,0,0,0,0,0,0,0,0, 
69,24,96,282,0,15,30,0,0,0,0,0,0,0,0,0,0,12,0,0,0,0,52,0,0,0,0,0,0,0,0,0,8,35,9, 
0,138,0,141,0,5,0,0,0,0,0,0,0,0,0,0,0,0,0,0,0,0,0,0,31,0,0,0,0,15,0,42,0,0,0, 
13,99,46,57,78,0,9,0,0,0,0,0,0,0,0,0,0,17,0,0,0,0,0,0,13,0,0,19,0,0,0,0,0,0,0, 
14,58,98,171,13,7,10,0,44,0,0,0,3,0,13,0,0,0,0,0,0,0,0,0,0,0,0,0,0,6,0,0,0,0,0, 
65,205,69,61,0,0,0,0,0,0,0,0,0,0,0,0,0,0,0,0,0,0,0,0,0,0,0,0,0,0,0,0,0,0,0, 
255,679,365,978,81,49,0,0,0,0,0,0,0,0,0,0,0,2,0,0,0,24,0,0,0,0,0,0,53,0,0,13,51,60,31, 
234,556,222,645,150,49,0,0,0,0,36,0,0,0,0,0,0,0,0,0,0,0,33,0,28,12,12,0,0,0,6,17,0,0,0, 
329,763,699,707,60,27,16,0,0,0,61,0,0,0,0,0,0,70,0,0,0,14,7,0,7,0,0,0,0,0,0,0,0,0,0, 
232,638,166,493,131,12,12,9,0,23,75,0,0,0,0,0,0,0,0,0,0,0,0,0,0,0,0,0,0,17,0,0,0,0,0, 
367,292,186,527,22,23,5,0,40,0,0,0,19,0,0,0,0,0,0,0,0,0,0,0,0,0,0,0,0,0,0,0,13,0,0, 
131,723,350,1299,120,87,23,0,0,0,0,17,0,0,0,0,0,0,0,0,0,0,34,0,0,0,0,0,16,2,11,44,9,0,0, 
86,623,316,1066,85,0,0,0,75,0,86,0,30,0,0,19,0,2,18,0,0,0,28,0,29,0,0,0,36,39,0,0,31,16,0, 
184,833,417,1085,270,0,74,12,0,0,0,0,0,0,0,37,0,0,0,0,0,16,8,0,45,0,0,0,18,58,0,25,0,0,0, 
324,601,327,919,65,16,0,0,34,25,14,0,25,0,0,0,0,0,0,0,0,0,0,0,0,0,0,0,0,0,0,0,0,0,0, 
458,603,221,402,60,0,9,11,15,0,0,0,0,0,0,0,10,0,0,0,0,0,0,0,0,0,0,0,0,13,0,0,0,0,0 
*****