2010 Education by Immigration status in Vermont, race/ethnicity, gender, age 25+, wgtd 2008-12 ACS, SSDAN/U-Mich
5
RaceEth,Gender,AgeEduc,Immentry,EducAll
7,2,5,5,7
NhWhite, Black, Asian, Hispanic, AmIndian, NHOther,NHMulti
Male, Female
25-34,35-44,45-54,55-64,65+
Native,FB<1980,FB80-89,FB90-99,FB00-Current
0-9Yrs,10-12Yrs,HSGrad,SomeColl,CollGrad,Masters,PhD-Prof
1245,11405,3320,13806,1206,232,206,0,0,0,4,0,0,0,0,9,7,52,0,0,0,0,29,0,174,40,0,0,0,115,8,200,73,0,0, 
1746,12251,3166,14942,2499,693,480,50,0,0,133,0,0,0,0,0,0,35,0,0,0,0,56,77,100,0,0,0,0,23,0,130,46,0,70, 
2048,18142,4062,17358,3099,1173,456,95,302,26,214,36,6,0,62,29,7,112,0,0,16,25,116,0,84,33,67,56,0,96,0,85,7,0,0, 
1698,12520,3464,17047,4172,1558,1098,134,304,26,296,79,41,34,0,10,0,116,7,0,34,0,223,0,88,43,0,0,0,0,31,86,0,0,17, 
5219,11561,3635,10896,4016,1448,1466,248,284,183,420,231,59,93,0,0,0,82,0,0,29,0,0,0,0,25,0,0,0,0,0,0,0,0,0, 
870,6919,3345,17024,2931,387,240,0,0,29,9,0,0,0,0,38,0,7,0,0,0,0,70,0,9,0,0,0,0,30,36,223,79,0,100, 
979,8117,3380,18698,4021,607,277,0,36,0,84,20,0,0,0,0,0,94,40,0,0,37,114,82,463,17,39,35,0,43,7,166,27,0,0, 
1633,12791,5580,21451,4945,1228,538,25,134,35,124,10,19,14,0,34,35,203,142,0,6,0,168,0,118,40,12,0,23,49,0,79,51,0,19, 
1393,10826,3609,17802,7242,979,569,71,230,73,366,125,0,7,16,75,15,354,42,34,0,0,74,74,80,7,10,0,0,29,12,17,0,0,0, 
5581,18811,3491,15034,4167,317,411,547,635,255,510,126,0,39,23,28,9,92,32,0,0,6,0,10,45,0,0,0,10,0,11,14,0,0,0, 
2,0,11,384,96,0,28,0,0,0,0,0,0,0,0,0,0,0,0,0,0,0,0,0,0,0,0,0,0,67,29,74,0,0,0, 
0,84,8,51,78,0,0,0,0,0,0,0,0,0,0,0,0,33,0,0,0,0,0,0,0,0,42,0,4,0,10,13,0,0,0, 
0,39,89,12,0,0,5,0,0,0,0,0,0,0,0,0,0,0,0,0,0,0,0,89,0,0,0,0,0,0,0,0,8,20,0, 
0,18,0,40,46,0,0,0,0,0,0,0,0,0,0,0,0,0,0,0,4,0,0,0,0,0,0,0,0,0,0,0,0,25,0, 
96,53,0,38,0,0,0,0,0,0,0,0,0,0,0,0,0,0,0,0,0,0,0,0,0,0,0,0,0,0,0,0,0,0,0, 
0,209,0,142,58,0,0,0,0,0,0,0,0,0,0,0,0,0,0,0,0,0,0,0,0,0,0,0,0,0,15,18,0,108,0, 
0,2,0,148,17,0,0,0,21,0,0,0,0,0,0,0,0,25,0,0,0,0,0,0,0,0,0,0,0,0,21,0,0,0,0, 
0,0,0,130,0,16,0,0,0,0,0,0,0,0,0,0,0,0,0,0,0,0,0,0,0,0,0,0,0,25,0,43,0,0,0, 
0,0,18,0,0,23,54,0,0,0,0,0,0,0,0,0,0,0,0,0,0,0,0,0,0,0,0,0,0,0,0,0,17,0,0, 
23,18,37,56,4,0,0,0,0,0,0,0,0,0,0,0,0,0,0,0,0,0,0,0,0,0,0,0,0,0,0,0,0,0,0, 
0,0,0,0,109,0,0,0,0,0,0,0,0,0,0,125,0,63,0,0,0,0,80,0,20,0,0,0,0,17,46,139,39,0,0, 
0,0,0,21,0,0,0,0,0,0,55,0,0,0,34,0,0,0,0,0,0,59,0,0,206,0,26,0,89,35,0,126,28,0,12, 
0,0,0,0,0,0,0,0,0,0,41,0,0,0,51,45,0,0,0,0,0,38,28,0,0,0,0,0,21,0,0,39,0,0,0, 
0,0,0,0,0,0,0,0,0,0,140,0,0,0,0,11,0,60,0,3,0,0,0,0,0,0,0,0,0,0,0,37,0,0,0, 
0,0,0,0,0,0,0,0,0,0,0,0,0,0,0,0,0,11,0,0,0,0,0,0,0,0,0,0,15,0,0,0,0,0,0, 
0,0,0,0,4,0,0,0,0,0,0,0,0,0,0,0,0,0,0,0,0,0,108,0,0,59,37,0,26,7,0,240,88,0,53, 
0,0,0,71,0,13,0,0,14,21,112,0,38,0,0,51,50,30,0,0,0,51,65,0,89,0,0,24,78,0,0,73,0,0,49, 
0,0,0,32,0,0,0,10,0,0,12,23,0,0,0,21,23,47,11,0,0,51,59,0,77,0,0,0,8,0,0,61,0,0,0, 
0,0,0,0,0,0,0,102,33,0,16,11,0,0,64,10,0,14,0,0,0,0,0,0,10,0,0,0,0,0,0,42,0,0,0, 
0,0,0,0,10,0,0,6,161,20,113,19,0,0,49,0,0,0,0,0,0,26,107,0,0,0,0,0,15,0,0,37,0,0,0, 
46,81,108,280,115,0,0,0,0,0,0,0,0,0,22,0,63,0,0,0,0,0,41,0,0,0,0,0,35,19,0,30,0,0,32, 
0,28,31,99,64,41,0,0,59,0,34,27,0,0,0,59,0,0,0,0,0,0,0,0,0,0,0,0,0,0,0,0,0,0,0, 
0,123,0,263,0,0,0,0,0,0,0,0,0,0,0,0,0,0,0,0,0,0,0,0,0,0,0,0,0,0,0,0,0,0,0, 
0,90,0,134,43,18,25,0,0,0,13,0,0,0,0,0,0,0,0,0,12,33,0,0,0,0,0,0,0,0,0,0,0,0,0, 
0,92,52,63,60,0,0,0,59,15,0,0,39,0,0,0,0,0,0,0,0,0,0,0,0,0,0,0,0,0,0,0,0,0,0, 
72,86,76,205,14,0,0,0,0,0,0,0,0,0,0,0,0,0,0,0,0,0,0,0,0,56,0,0,0,0,0,67,0,0,0, 
0,31,0,312,42,21,0,0,0,0,36,0,0,0,0,12,0,0,0,0,0,0,49,0,0,0,0,0,0,0,11,0,0,0,0, 
46,132,29,40,7,0,0,0,23,0,2,0,0,0,0,34,0,0,0,0,0,0,0,0,0,0,0,18,0,0,0,8,0,0,0, 
20,0,23,232,24,0,0,0,0,0,0,0,0,0,0,0,0,0,0,0,0,0,0,0,0,0,0,0,0,0,0,0,0,0,0, 
17,130,50,45,0,0,21,52,47,59,3,35,0,0,13,0,0,0,0,0,0,0,0,0,0,0,0,0,0,0,0,0,0,0,0, 
0,8,0,83,0,0,0,0,0,0,0,0,0,0,0,0,0,0,0,0,0,0,0,0,0,0,0,0,0,0,0,0,0,0,0, 
4,38,4,277,0,0,0,0,0,0,0,0,0,0,0,0,0,0,0,0,0,0,0,0,0,0,0,0,0,0,0,0,0,0,0, 
50,47,0,0,10,0,7,0,0,0,10,0,0,0,0,0,0,0,0,0,0,0,0,0,0,0,0,0,0,0,0,0,0,0,0, 
0,59,19,34,0,0,0,0,0,0,0,0,0,0,0,0,0,0,0,0,0,0,0,0,0,0,0,0,0,0,0,0,0,0,0, 
4,23,37,78,0,0,0,0,0,0,0,0,0,0,0,0,0,0,0,0,0,0,0,0,0,0,0,0,0,0,0,0,0,0,0, 
5,48,0,23,0,0,0,0,0,0,0,0,0,0,0,0,0,0,0,0,0,0,0,0,0,0,0,0,0,0,0,0,0,0,0, 
0,0,6,0,0,0,0,0,0,0,0,0,0,0,0,0,0,0,0,0,0,0,0,0,0,0,0,0,0,0,0,0,0,0,0, 
43,66,103,30,0,0,0,0,0,0,0,0,0,0,0,0,0,0,0,0,0,0,0,0,0,0,0,0,0,0,0,0,0,0,0, 
0,6,8,75,0,0,0,0,0,0,0,0,0,0,0,0,0,0,0,0,0,0,0,0,0,0,0,0,0,0,0,0,0,0,0, 
94,19,26,48,11,0,0,0,0,0,0,0,0,0,0,0,0,0,0,0,0,0,0,0,0,0,0,0,0,0,0,0,0,0,0, 
0,0,0,0,13,0,0,0,0,0,0,0,0,0,0,0,0,0,0,0,0,0,0,0,0,0,0,0,0,0,0,0,0,0,0, 
0,0,0,0,0,0,0,0,0,0,0,0,0,0,0,0,0,0,0,0,0,0,0,0,0,0,0,0,0,0,0,0,71,0,0, 
0,23,6,0,7,0,0,0,0,0,0,0,0,0,0,0,0,0,0,0,0,0,0,0,0,0,0,0,0,0,0,0,0,0,0, 
0,0,26,8,0,0,0,0,0,0,0,0,0,0,0,0,0,0,0,0,0,0,0,0,0,0,0,0,0,0,0,0,0,0,0, 
0,8,0,0,0,0,0,0,0,0,0,0,0,0,0,0,0,0,0,0,0,0,0,0,0,0,0,0,0,0,0,0,0,0,0, 
0,15,0,0,9,0,0,0,0,0,0,0,0,0,0,0,0,0,0,0,0,0,0,0,0,0,0,0,0,0,0,0,0,0,0, 
0,0,0,4,0,0,0,0,0,0,0,0,0,0,0,0,0,0,0,0,0,0,0,0,0,0,0,0,0,0,0,0,77,0,0, 
0,0,0,5,16,0,0,0,0,0,0,0,0,0,0,0,0,0,0,0,0,0,0,0,0,0,0,0,0,0,0,0,0,0,0, 
0,0,23,8,0,0,0,0,0,0,0,0,0,0,0,0,0,0,0,0,0,0,0,0,0,0,0,0,0,0,0,0,0,0,0, 
0,0,5,0,0,0,0,0,0,0,0,0,0,0,0,0,0,0,0,0,0,0,0,0,0,0,0,0,0,0,0,0,0,0,0, 
11,146,330,249,81,0,0,0,0,0,0,0,0,0,0,0,0,0,0,0,0,0,0,0,0,0,0,0,0,0,0,0,0,0,0, 
9,111,262,204,0,0,26,0,0,0,0,0,0,0,0,0,0,0,0,0,0,15,0,0,0,0,0,0,0,0,0,21,0,0,0, 
25,125,120,117,55,0,19,0,0,0,4,0,0,0,0,0,0,19,0,0,0,0,0,0,0,0,0,0,0,38,0,0,0,0,0, 
115,168,52,97,53,0,0,0,81,0,0,0,0,0,0,0,0,0,0,0,0,0,0,0,0,0,0,0,0,49,0,0,0,0,0, 
45,38,20,68,23,0,0,0,0,0,0,69,0,0,0,0,0,0,0,0,0,0,0,0,0,0,0,0,0,0,0,0,0,0,0, 
7,63,54,294,6,0,0,0,0,0,0,0,0,0,0,0,0,7,0,0,0,0,0,0,0,0,0,0,30,0,0,64,0,0,0, 
0,180,105,343,26,0,0,0,0,0,0,0,0,0,0,0,0,0,0,0,0,0,0,0,0,25,0,0,0,0,0,0,0,0,0, 
0,187,160,224,25,0,0,0,0,0,0,0,0,0,0,0,0,52,0,0,0,0,0,0,0,0,0,0,36,0,0,0,0,0,0, 
15,33,6,220,21,20,0,0,0,0,0,0,0,0,0,0,0,0,0,0,0,0,0,0,0,0,0,0,0,0,0,0,0,0,0, 
32,67,0,89,0,0,0,0,0,0,0,0,0,0,0,0,0,0,0,0,0,0,0,0,0,0,0,0,0,0,0,0,0,0,0 
*****