2010 Education by Immigration status in South Dakota, race/ethnicity, gender, age 25+, wgtd 2008-12 ACS, SSDAN/U-Mich
5
RaceEth,Gender,AgeEduc,Immentry,EducAll
7,2,5,5,7
NhWhite, Black, Asian, Hispanic, AmIndian, NHOther,NHMulti
Male, Female
25-34,35-44,45-54,55-64,65+
Native,FB<1980,FB80-89,FB90-99,FB00-Current
0-9Yrs,10-12Yrs,HSGrad,SomeColl,CollGrad,Masters,PhD-Prof
1294,11210,6045,23388,1518,386,200,0,0,0,0,0,0,0,0,0,0,7,0,0,0,0,62,82,40,0,0,0,38,16,0,24,22,0,29, 
1070,12016,4108,19948,1615,459,716,0,5,0,26,0,0,0,0,0,0,44,0,0,0,0,96,0,108,0,33,0,0,53,0,112,43,0,0, 
2170,17945,5814,21030,2636,1231,567,0,0,24,12,52,0,0,0,0,25,0,0,0,0,64,43,4,155,33,0,0,0,5,0,70,0,0,4, 
2290,14520,4573,19857,2638,1192,793,0,25,11,119,88,35,48,0,0,0,61,0,0,0,0,110,0,73,0,0,0,0,0,0,0,83,0,0, 
8161,17779,4606,12576,3054,997,1339,106,116,0,94,0,0,0,0,0,0,35,0,0,0,0,2,0,0,0,0,0,0,0,0,0,0,0,0, 
1062,7588,3787,25889,1999,654,485,0,0,0,0,0,0,0,0,29,0,35,0,0,0,0,0,0,0,30,0,0,0,28,54,97,21,0,0, 
839,8276,3532,21656,2882,596,352,0,23,0,27,0,0,0,0,32,0,25,0,0,0,0,73,78,58,0,0,0,0,0,25,137,0,0,7, 
1210,14998,5781,25265,2793,791,329,0,40,0,49,31,0,0,3,0,11,45,14,0,0,0,28,0,160,0,0,0,0,116,0,37,0,0,2, 
1220,14014,4861,20626,3414,271,284,36,25,0,94,23,0,0,0,0,0,6,0,0,0,0,41,31,0,0,0,0,0,0,0,0,0,0,0, 
8026,26968,6464,17329,2637,102,243,229,160,65,183,106,0,18,0,0,0,0,0,0,32,47,0,0,0,32,0,0,0,0,0,0,0,0,0, 
43,43,26,347,9,0,0,0,0,0,0,0,0,0,0,0,0,0,2,0,0,122,0,0,26,0,0,0,46,86,0,189,0,0,0, 
0,471,89,235,0,0,0,0,0,0,44,0,0,0,0,0,0,0,0,0,0,0,0,0,13,0,0,0,126,62,49,69,0,0,87, 
17,102,8,272,0,55,0,0,0,0,0,0,0,0,85,99,0,0,0,0,0,49,0,0,130,0,0,9,0,42,0,0,0,0,0, 
0,145,0,35,0,0,0,0,0,0,0,0,0,0,0,0,0,0,0,0,0,0,0,0,0,0,0,0,0,0,60,0,0,0,0, 
0,0,0,91,0,51,0,0,0,0,0,0,0,0,0,0,0,0,0,0,0,0,0,0,0,0,0,0,0,0,0,0,0,0,0, 
0,40,0,68,29,0,0,0,0,0,0,0,0,0,0,0,0,0,0,0,0,0,0,0,0,0,0,0,322,301,0,103,0,0,0, 
92,43,28,188,0,0,0,23,0,0,0,0,0,0,0,0,3,0,0,0,0,0,0,0,68,0,0,0,0,71,46,0,0,0,0, 
0,0,41,20,31,0,0,0,0,0,0,0,0,0,0,0,0,0,0,0,0,54,0,0,0,0,0,0,0,0,0,7,0,0,0, 
0,108,0,0,0,0,0,0,0,0,0,0,0,0,0,30,0,0,0,0,0,0,0,0,0,0,0,0,0,0,0,0,0,0,0, 
0,5,16,0,0,0,10,0,0,0,0,0,0,0,0,0,0,0,0,0,0,0,0,0,0,0,0,0,0,0,0,0,0,0,0, 
0,0,0,206,0,0,0,0,0,0,0,0,0,0,33,32,0,60,0,0,0,0,0,0,17,0,41,0,40,0,0,96,81,0,38, 
0,0,0,0,31,0,0,0,0,0,30,0,28,0,0,64,0,64,0,0,0,0,7,0,0,49,43,139,5,0,0,9,20,0,47, 
0,6,0,0,0,0,0,0,0,0,6,0,0,0,34,0,0,18,0,0,0,35,26,0,0,0,0,61,0,54,0,58,0,0,65, 
0,0,0,0,0,0,0,0,0,0,0,0,0,0,55,0,0,0,0,0,94,0,0,0,0,0,0,0,23,0,0,0,0,0,0, 
0,0,0,83,0,0,0,0,0,0,0,0,58,0,0,0,0,0,33,181,0,0,0,0,0,0,0,0,76,0,0,0,0,0,0, 
0,0,28,31,43,0,0,0,0,0,0,0,0,0,0,0,0,94,0,0,0,30,0,4,0,0,0,0,46,107,0,126,217,0,0, 
0,19,0,5,0,0,0,0,0,12,0,0,0,0,0,0,30,51,0,0,0,0,31,0,12,0,0,0,0,0,0,76,42,0,35, 
0,0,0,0,71,0,0,77,23,0,84,0,0,0,24,38,0,26,0,0,66,0,111,0,94,0,0,0,135,0,51,8,34,0,0, 
0,8,0,7,0,0,0,54,25,0,37,0,0,0,56,0,0,0,91,0,0,0,0,0,0,0,0,0,0,0,19,33,0,0,0, 
0,0,0,0,0,0,0,11,0,0,0,0,0,20,0,42,0,0,0,0,0,22,0,0,0,0,0,0,0,0,0,0,0,0,0, 
58,158,288,419,0,0,0,0,0,0,0,0,0,0,0,9,0,11,0,0,0,37,119,38,0,0,0,0,303,170,0,205,7,0,0, 
14,149,47,741,0,34,0,0,0,0,0,0,0,0,29,89,0,0,0,0,0,160,104,0,0,0,0,0,73,69,0,50,0,0,0, 
38,225,57,145,0,0,0,0,22,0,0,0,0,0,70,91,0,0,0,0,0,21,0,0,0,0,0,0,7,0,0,10,0,0,39, 
52,107,75,52,0,0,0,0,9,57,0,0,0,0,79,0,0,52,0,0,0,0,0,0,0,0,0,0,0,0,0,0,0,0,0, 
0,29,35,80,0,15,0,87,0,13,0,0,5,0,13,0,0,0,0,0,0,5,0,0,0,0,0,0,0,0,0,0,0,0,0, 
105,323,135,487,27,0,0,0,0,0,0,0,0,0,0,0,0,0,0,0,0,71,188,0,68,0,0,0,136,93,50,48,0,0,0, 
30,151,132,162,26,33,0,0,0,0,53,0,0,0,52,0,0,7,0,0,0,105,154,0,14,0,0,0,51,32,39,31,0,0,0, 
0,74,119,137,0,12,0,0,0,25,28,0,0,0,174,0,66,9,0,0,0,52,0,0,3,0,0,0,17,33,0,0,0,0,0, 
74,90,45,56,0,0,0,17,0,0,104,0,0,0,0,0,0,0,0,0,0,0,0,0,0,0,0,0,28,27,0,0,0,0,0, 
70,75,61,53,0,0,0,0,44,0,0,0,0,0,0,0,0,0,0,0,0,14,0,0,0,0,0,0,0,0,0,0,0,0,0, 
960,1375,688,1351,3,0,0,0,0,0,0,0,0,0,0,0,0,0,0,0,0,0,0,0,0,0,0,0,0,19,0,0,0,0,0, 
497,1334,921,1566,27,0,0,0,0,0,0,0,0,0,0,0,0,0,0,0,0,0,0,0,0,0,0,0,0,0,0,0,0,0,0, 
587,1021,579,1658,0,0,63,0,0,0,0,0,0,0,0,0,0,0,0,0,0,0,0,0,0,0,0,0,0,0,0,0,0,0,0, 
344,693,260,783,44,0,5,0,0,0,0,0,48,0,0,0,0,0,0,0,0,0,0,0,0,0,0,0,0,0,0,0,0,0,0, 
654,313,176,379,54,0,0,0,0,0,0,0,0,0,0,0,0,0,0,0,0,0,0,0,0,0,0,0,0,0,0,0,0,0,0, 
706,1405,921,1806,87,8,0,0,0,0,0,0,0,0,0,0,0,0,0,0,0,0,0,0,0,0,0,0,0,0,0,0,0,0,0, 
430,764,688,2398,358,28,0,0,0,0,0,0,0,0,0,0,0,0,0,0,0,0,0,0,0,0,0,0,0,0,0,0,0,0,0, 
309,681,472,2163,150,5,6,0,0,0,0,0,0,0,0,0,0,0,0,0,0,0,0,0,0,0,0,0,0,0,0,0,0,0,0, 
329,355,428,1063,150,31,11,0,0,0,0,0,0,0,0,0,0,0,0,0,0,0,0,0,0,0,0,0,0,0,0,0,0,0,0, 
656,650,159,510,284,0,0,0,0,0,0,0,0,0,0,0,0,0,0,0,0,0,0,0,0,0,0,0,0,0,0,0,0,0,0, 
0,0,0,114,0,0,0,0,0,0,0,0,0,0,0,0,0,0,0,0,0,0,0,0,0,0,0,0,0,0,0,0,0,0,0, 
0,0,0,0,0,0,0,0,0,0,0,0,0,0,0,0,0,0,0,0,0,0,0,0,0,0,0,0,0,0,0,0,0,0,0, 
20,0,0,0,0,0,0,0,0,0,0,0,0,0,0,0,0,0,0,0,0,0,0,0,0,0,0,0,0,0,0,0,0,0,0, 
0,0,0,0,0,0,0,0,0,0,0,0,0,0,0,0,0,0,0,0,0,0,0,0,0,0,0,0,0,0,0,0,0,0,0, 
0,0,0,35,0,0,0,0,0,0,0,0,0,0,0,0,0,0,0,0,0,0,0,0,0,0,0,0,0,0,0,0,0,0,0, 
0,0,0,5,0,0,0,0,0,0,0,0,0,0,0,0,0,0,0,0,0,0,0,0,0,0,0,0,0,0,0,19,0,0,0, 
0,0,0,13,0,0,0,0,0,0,0,0,0,0,0,0,0,0,0,0,0,0,0,0,0,0,0,0,0,0,0,0,0,0,0, 
0,0,0,0,0,0,0,0,0,0,0,0,0,0,0,0,0,0,0,0,0,0,0,0,0,0,0,0,0,0,0,0,0,0,0, 
0,0,9,0,0,0,0,0,0,0,0,0,0,0,0,0,0,0,0,0,0,0,0,0,0,0,0,0,0,0,0,0,0,0,21, 
0,0,0,0,0,0,0,0,0,0,0,0,0,0,0,0,0,0,0,0,0,0,0,0,0,0,0,0,0,0,0,0,0,0,0, 
151,488,204,253,89,0,0,0,0,0,0,0,0,0,21,0,0,0,0,0,0,0,0,0,0,0,0,0,0,0,0,0,0,0,56, 
9,276,80,180,0,0,0,0,0,0,0,0,0,0,0,0,0,0,0,0,0,0,0,0,0,0,0,0,0,0,0,6,8,0,0, 
18,46,62,312,0,0,0,0,0,0,0,0,0,0,0,0,0,0,0,0,0,0,0,0,0,0,0,0,0,0,0,0,0,0,0, 
8,81,51,79,29,0,4,0,0,0,58,0,0,0,0,0,0,0,0,0,0,0,0,0,0,0,0,0,0,0,0,0,0,0,0, 
127,69,5,37,15,7,77,0,0,0,0,0,0,0,0,0,0,0,0,0,0,0,0,0,0,0,0,0,0,0,0,0,0,0,0, 
17,394,176,369,31,0,0,0,0,0,0,0,0,0,0,0,0,0,0,0,0,0,0,0,0,50,0,0,38,0,0,0,15,0,0, 
20,85,222,406,9,0,0,0,0,0,0,0,0,0,0,0,0,0,0,0,0,0,0,0,0,0,0,0,0,0,0,0,0,0,0, 
0,81,23,204,40,0,0,0,0,0,0,0,0,0,0,8,0,0,0,0,0,0,0,0,0,0,0,0,0,0,0,0,0,0,0, 
0,104,36,175,0,0,6,0,155,0,0,0,0,0,0,0,0,45,0,0,0,0,0,0,0,0,0,0,0,0,0,0,0,0,0, 
76,143,39,157,0,0,0,0,0,0,0,0,0,0,65,0,0,0,0,0,0,0,0,0,0,0,0,0,0,0,0,0,0,0,0 
*****