2010 Education by Immigration status in Wyoming, race/ethnicity, gender, age 25+, wgtd 2008-12 ACS, SSDAN/U-Mich
5
RaceEth,Gender,AgeEduc,Immentry,EducAll
7,2,5,5,7
NhWhite, Black, Asian, Hispanic, AmIndian, NHOther,NHMulti
Male, Female
25-34,35-44,45-54,55-64,65+
Native,FB<1980,FB80-89,FB90-99,FB00-Current
0-9Yrs,10-12Yrs,HSGrad,SomeColl,CollGrad,Masters,PhD-Prof
1008,8611,6100,15983,948,301,16,0,0,0,0,0,0,0,0,0,0,0,0,0,0,0,0,0,0,0,0,0,14,24,0,164,19,0,0, 
282,8145,4412,14205,1599,570,332,0,14,0,0,0,0,0,0,0,0,41,0,0,0,0,0,0,0,21,0,0,0,4,0,65,17,0,40, 
1135,12724,4879,15291,2063,503,463,27,12,0,96,0,0,25,0,0,0,0,0,0,0,0,4,0,21,0,0,0,0,0,8,0,0,0,0, 
718,9206,3789,16163,2939,873,800,9,0,76,29,0,30,14,0,0,9,0,0,17,0,0,8,0,0,0,0,23,0,0,0,18,0,0,0, 
3120,9664,3414,10106,2549,783,686,52,78,14,134,30,0,0,0,0,0,0,0,0,0,0,11,0,0,50,0,0,0,0,0,0,0,0,0, 
600,5913,4756,17627,1444,354,53,0,0,0,0,0,0,0,0,0,0,0,0,0,0,0,0,0,0,0,0,0,0,86,0,105,16,0,0, 
281,5902,3463,15152,1659,540,167,0,0,4,77,55,0,0,70,0,0,10,34,0,0,0,0,18,11,0,0,0,0,0,12,94,25,0,0, 
851,9693,5474,17204,2322,390,218,0,63,25,103,0,0,0,0,29,0,48,18,0,0,0,0,0,115,0,0,30,14,0,0,33,0,13,0, 
867,8249,4421,15398,2802,470,347,23,69,34,97,20,0,13,0,0,0,0,0,0,0,0,19,0,31,0,0,0,0,54,0,5,48,0,0, 
3328,13557,4816,11111,1282,104,237,147,225,50,166,36,0,34,18,0,0,58,0,0,0,0,0,0,0,0,0,52,0,0,0,0,0,0,0, 
0,92,4,137,37,0,0,0,0,0,0,0,0,0,0,0,0,0,0,0,0,0,0,0,0,0,0,0,0,0,8,45,0,0,0, 
0,423,43,108,35,0,0,0,0,0,0,0,0,0,0,0,0,0,0,0,0,0,0,0,13,0,0,0,0,0,0,0,0,0,0, 
0,74,19,127,55,0,0,0,0,0,0,0,0,0,0,0,0,0,0,0,0,0,0,0,0,0,0,13,0,0,0,0,0,0,0, 
0,18,20,108,32,0,0,0,0,0,0,0,0,0,0,0,0,0,0,0,0,0,0,0,0,0,0,0,0,0,0,0,0,0,0, 
83,183,45,40,0,0,0,0,0,0,0,0,0,0,0,0,0,0,0,0,0,0,0,0,0,0,0,0,0,0,0,0,0,0,0, 
0,74,14,93,42,0,0,0,0,0,0,0,0,0,0,0,0,0,0,0,0,0,0,0,35,0,0,0,0,0,0,0,0,0,0, 
0,24,54,15,0,0,0,0,0,0,0,0,0,0,0,0,0,0,0,0,0,0,0,0,0,0,0,0,0,51,0,0,0,0,0, 
0,15,0,128,21,0,0,0,0,0,0,0,0,0,0,0,0,0,0,0,0,0,0,0,5,33,0,0,0,0,0,0,0,0,0, 
0,14,36,9,0,0,0,0,0,0,0,0,0,0,0,0,0,0,0,0,0,0,0,0,0,0,0,0,0,0,0,0,0,0,0, 
0,167,0,36,0,0,0,0,0,0,0,0,0,0,0,0,0,0,0,0,0,0,0,0,0,0,0,0,0,0,0,0,0,0,0, 
3,0,10,33,0,0,0,0,0,0,0,0,0,0,0,0,40,62,0,0,0,0,0,0,0,0,0,0,0,21,0,44,80,0,28, 
0,43,0,45,0,0,0,0,34,0,15,0,0,0,0,1,0,0,0,0,0,0,0,0,0,0,0,28,0,0,0,65,22,0,60, 
0,20,0,0,0,0,0,0,0,0,0,0,0,0,14,0,0,14,0,0,0,0,15,0,0,0,0,143,0,0,0,38,0,0,0, 
0,0,4,33,0,16,0,0,28,0,7,0,0,0,0,0,0,0,0,0,0,0,0,0,0,0,0,0,0,0,0,39,0,0,0, 
0,84,0,22,0,0,0,0,0,0,41,0,0,0,0,29,0,0,0,0,0,0,0,0,0,0,0,0,0,0,0,0,0,0,0, 
0,20,0,37,35,0,0,0,0,0,0,0,0,0,0,11,0,0,0,0,0,0,38,0,0,0,0,0,32,65,15,39,151,29,0, 
0,35,0,78,0,0,0,0,0,0,0,0,0,0,0,0,0,14,0,0,0,0,17,0,173,32,0,62,4,26,0,116,57,0,29, 
0,49,0,111,0,0,22,0,0,0,0,0,0,0,23,0,27,15,0,0,0,40,0,0,6,0,0,0,0,9,0,78,0,0,14, 
0,0,0,91,25,0,0,0,89,0,40,0,0,0,0,0,0,10,0,0,0,0,0,0,0,0,0,0,0,0,0,0,0,0,0, 
0,17,14,21,0,0,0,0,187,0,0,0,0,0,0,0,0,0,0,0,24,0,0,0,0,0,0,0,0,0,0,0,0,0,0, 
254,1341,347,1015,0,0,0,0,0,0,0,0,0,0,25,21,76,97,0,0,0,85,300,57,99,0,0,0,188,257,45,114,63,0,0, 
181,841,385,454,209,0,0,19,52,0,0,0,0,0,84,96,103,120,0,0,0,171,105,0,90,0,0,0,172,37,0,80,0,0,0, 
176,525,457,400,0,0,34,112,5,0,106,0,0,0,30,68,34,19,0,0,0,0,123,0,100,0,0,0,27,66,0,46,43,0,0, 
182,557,189,441,47,0,0,202,34,13,0,33,0,0,7,0,0,0,0,0,0,11,0,0,0,0,0,0,74,0,0,20,0,0,0, 
415,227,80,149,44,0,33,82,67,9,0,0,0,0,0,0,0,0,0,0,0,0,0,0,0,0,0,0,0,0,0,0,0,0,0, 
124,645,416,1416,76,0,0,0,13,0,0,0,0,0,0,0,91,77,0,0,0,81,94,0,62,0,0,0,71,239,0,259,58,0,0, 
189,444,335,750,69,31,88,60,25,0,0,0,0,0,10,7,4,23,12,0,0,51,81,20,34,0,0,0,193,149,20,167,0,0,0, 
95,534,362,598,128,4,0,42,50,6,0,0,0,0,0,43,25,15,0,0,0,27,63,0,0,0,0,0,46,207,0,3,0,0,0, 
160,617,225,327,29,0,0,21,39,0,0,0,0,38,0,0,36,18,0,0,0,0,0,0,41,0,0,0,64,0,0,7,0,46,0, 
233,424,290,283,22,26,0,75,0,0,0,0,0,0,0,0,0,0,0,0,0,0,0,0,0,0,0,0,12,47,0,0,0,0,0, 
95,333,176,252,0,0,0,0,0,0,0,0,0,0,0,0,0,0,0,0,0,0,0,0,0,0,0,0,23,0,0,0,0,0,0, 
18,214,200,417,17,0,0,0,0,0,0,0,0,0,0,0,0,0,0,0,0,0,0,0,0,0,0,0,0,0,0,0,0,0,0, 
114,188,204,303,0,0,0,0,0,0,0,0,0,0,29,0,0,0,0,0,0,0,0,0,0,0,0,0,0,0,22,0,0,0,0, 
44,24,140,175,0,0,0,0,0,0,0,0,0,0,0,0,0,0,0,0,0,0,0,0,0,0,0,0,0,0,0,0,0,0,0, 
123,66,33,48,0,5,9,0,0,0,0,0,0,0,0,0,0,0,0,0,0,0,0,0,0,0,0,0,0,0,0,0,0,0,0, 
45,181,258,303,38,0,0,0,0,0,0,0,0,0,0,0,0,0,0,0,0,0,59,0,0,0,0,0,0,0,0,0,0,0,0, 
38,114,119,439,0,6,5,0,0,0,0,0,0,0,0,0,0,0,0,0,0,0,0,0,0,0,0,0,0,0,0,0,0,0,0, 
144,146,401,270,0,0,0,11,0,0,0,0,0,0,10,0,0,0,0,0,0,0,0,0,0,0,0,0,0,0,0,0,0,0,0, 
21,83,56,321,23,0,0,0,0,0,13,0,0,0,0,0,0,0,0,0,0,0,0,0,0,0,0,0,0,0,0,0,0,0,0, 
67,175,52,110,0,0,62,0,0,0,0,0,0,0,0,0,0,0,0,0,0,0,0,0,0,0,0,0,0,0,0,0,0,0,0, 
0,0,0,0,0,0,0,0,0,0,0,0,0,0,0,0,0,0,0,0,0,0,0,0,0,0,0,0,0,0,0,0,0,0,0, 
0,0,0,15,0,0,0,0,0,0,0,0,0,0,0,0,0,0,0,0,0,0,0,0,0,0,0,0,0,19,0,0,0,0,0, 
0,0,0,0,0,14,0,0,0,0,0,0,0,0,0,0,0,0,0,0,0,0,0,0,0,0,0,0,0,0,0,0,0,0,0, 
0,16,0,0,0,0,0,0,0,0,0,0,0,0,0,0,0,0,0,0,0,0,0,0,0,0,0,0,0,0,0,0,0,0,0, 
0,0,0,0,0,0,0,0,0,0,0,0,0,0,0,0,0,0,0,0,0,0,0,0,0,0,0,0,0,0,0,0,0,0,0, 
0,0,0,10,0,0,0,0,0,0,0,0,0,0,0,0,0,0,0,0,0,0,0,0,0,0,0,0,0,0,0,0,0,0,0, 
0,0,0,15,0,0,0,0,0,0,0,0,0,0,0,0,0,0,0,0,0,0,0,0,0,0,0,0,0,0,0,47,0,0,0, 
0,0,0,0,0,0,0,0,0,0,0,0,0,0,0,0,0,0,0,0,0,0,0,0,0,0,0,0,0,0,0,0,0,0,0, 
0,0,0,0,0,0,0,0,0,0,0,0,0,0,0,0,0,0,0,0,0,0,0,0,0,0,0,0,0,0,0,0,0,0,0, 
0,0,0,0,0,0,0,0,0,0,0,0,0,0,0,0,0,0,0,0,0,0,0,0,0,0,0,0,0,0,0,0,0,0,0, 
151,111,78,208,0,0,14,0,0,0,0,0,0,0,0,0,0,0,0,0,0,0,0,0,0,0,0,0,0,0,0,0,36,0,0, 
33,119,63,288,26,0,0,0,50,0,0,0,0,0,0,0,0,0,0,0,0,0,0,0,0,0,0,0,0,0,0,0,0,0,0, 
0,165,60,233,0,0,0,0,0,0,0,0,0,0,0,0,0,0,0,0,0,0,0,0,0,0,0,0,0,0,0,0,0,0,0, 
0,50,46,169,2,0,0,0,0,0,0,0,0,0,0,0,0,0,0,0,0,0,0,0,0,0,0,0,0,0,0,0,0,0,0, 
188,24,11,41,9,0,0,0,0,0,0,0,0,0,0,0,0,0,0,0,0,0,0,0,0,0,0,0,0,0,0,0,0,0,0, 
31,81,106,498,0,0,0,0,0,0,0,0,0,0,0,0,0,0,0,0,0,0,0,0,0,0,0,0,0,0,0,0,0,0,0, 
0,98,132,269,26,0,0,0,0,0,0,0,0,0,0,0,0,0,0,0,0,0,0,0,0,0,0,0,0,0,0,0,30,0,0, 
0,67,35,313,0,30,0,0,0,0,0,0,0,0,0,0,0,0,0,0,0,0,0,0,0,0,0,0,0,0,0,0,0,0,0, 
0,71,32,188,60,0,17,0,0,0,0,0,0,0,0,0,0,0,0,0,0,0,0,0,0,0,0,0,0,0,0,0,0,0,0, 
14,94,38,61,1,8,0,0,18,0,0,0,0,0,0,0,0,0,0,0,0,0,0,0,0,0,0,0,0,0,0,0,0,0,0
*****