2010 Education by Immigration status in Washington, race/ethnicity, gender, age 25+, wgtd 2008-12 ACS, SSDAN/U-Mich
5
RaceEth,Gender,AgeEduc,Immentry,EducAll
7,2,5,5,7
NhWhite, Black, Asian, Hispanic, AmIndian, NHOther,NHMulti
Male, Female
25-34,35-44,45-54,55-64,65+
Native,FB<1980,FB80-89,FB90-99,FB00-Current
0-9Yrs,10-12Yrs,HSGrad,SomeColl,CollGrad,Masters,PhD-Prof
10032,69634,45394,160010,13547,4415,2333,0,0,11,141,0,0,0,91,344,236,883,83,34,23,114,1473,617,2500,250,59,53,122,1625,448,4125,1364,188,457, 
8395,68371,39870,159731,22358,6866,3285,48,235,166,775,236,121,24,277,278,83,1142,210,43,38,275,1375,386,3783,1270,249,404,481,1656,472,3509,1124,227,347, 
10867,94015,48535,174539,27855,8159,4716,234,778,447,2650,663,98,123,172,488,199,1566,594,175,177,294,1367,448,2930,889,315,487,155,842,271,1584,318,153,170, 
7124,63716,37368,172678,32579,11881,6233,188,988,596,3744,1048,194,210,51,639,191,986,168,119,171,163,403,152,1196,268,135,155,215,530,174,829,158,63,90, 
21218,77272,37143,128396,28488,11301,9604,1048,2607,926,5663,1608,927,653,55,237,23,518,228,84,105,569,427,49,694,195,154,59,500,190,96,349,86,13,0, 
7291,52099,37170,165287,22223,5006,2149,17,21,14,109,13,0,26,123,278,185,1158,94,116,3,193,1216,380,2422,496,91,39,426,2054,506,6092,938,350,334, 
6106,53556,36383,163932,30668,6051,2957,24,175,177,1129,190,32,114,126,407,186,898,305,17,54,235,1371,400,4583,1062,261,312,317,1350,457,3591,1395,173,199, 
7973,78973,49097,192300,29969,6692,3059,80,1112,879,3000,421,130,80,117,676,277,1922,682,3,71,349,1826,404,4063,689,199,176,233,1211,303,1961,424,117,65, 
6575,75611,43070,173176,34208,5996,3732,192,2075,975,4937,900,173,219,31,543,235,1372,196,11,84,259,954,323,1441,307,38,3,359,407,41,583,118,100,81, 
23396,135886,45447,139371,23699,3013,2320,2320,9603,2840,9577,1117,438,161,452,408,63,393,166,39,24,1092,788,95,785,139,79,35,672,284,85,759,90,23,15, 
516,5265,3002,6361,413,28,0,0,0,0,24,0,0,0,0,30,0,135,0,0,16,59,417,126,938,97,0,22,218,1306,288,1921,198,0,201, 
329,3441,2807,7636,603,92,76,0,0,29,14,12,20,0,73,199,12,521,60,0,0,253,517,64,1151,119,0,26,345,989,95,747,125,71,51, 
497,4585,2341,7753,422,231,156,33,79,0,276,18,0,0,59,151,118,490,94,16,0,164,448,99,611,50,17,43,26,133,20,400,129,0,48, 
373,2485,1386,5127,566,168,197,28,0,27,237,108,0,56,61,0,0,111,83,0,28,0,55,61,178,72,0,0,51,78,64,123,0,0,0, 
558,1503,977,2754,393,74,99,0,38,0,91,38,21,57,39,33,0,0,20,0,0,87,0,0,62,0,11,14,24,0,0,101,0,20,0, 
293,2817,1873,5825,300,80,27,0,0,0,62,0,0,0,9,83,0,282,0,0,0,160,334,95,883,17,0,0,761,1145,298,1671,89,116,15, 
433,2821,1285,5267,702,89,54,0,0,0,0,0,0,0,58,85,0,207,80,0,0,532,589,156,590,69,42,0,294,469,332,888,39,23,0, 
343,2944,2092,6809,503,81,87,20,83,29,149,9,0,0,52,62,62,269,102,5,0,377,297,7,280,11,36,0,121,155,23,298,75,0,0, 
562,2330,846,4004,637,80,103,58,45,20,178,0,0,9,67,47,15,139,0,0,0,221,220,0,146,0,0,0,290,190,21,101,0,0,0, 
1037,2612,591,2290,465,0,122,67,67,43,181,21,0,0,114,0,0,0,0,0,0,41,26,20,68,0,0,0,159,130,0,18,0,0,0, 
255,2880,1326,8585,1078,379,68,0,5,94,439,16,55,22,114,1022,646,2911,168,166,22,241,1264,783,3917,753,148,89,270,1219,488,6809,5360,299,864, 
383,1884,703,4174,958,401,164,0,649,260,2230,430,386,92,369,1580,516,4003,652,151,276,895,1943,637,4757,2860,300,973,614,1057,478,3356,1505,343,407, 
271,1735,700,3624,660,376,127,366,872,375,2806,522,116,197,1325,1959,367,4040,1052,112,509,503,1235,381,2129,807,185,495,526,896,345,1744,353,143,213, 
193,659,462,2822,480,208,54,487,1135,192,4113,594,156,256,988,1380,319,1950,349,111,73,820,1114,156,1358,216,121,19,683,877,112,922,238,0,27, 
240,691,322,1543,456,195,80,1098,1415,313,2676,830,385,394,1099,785,37,889,49,71,50,1003,1056,128,986,81,8,76,425,703,44,606,129,8,17, 
252,1932,1139,9360,1237,529,125,18,138,26,431,91,86,0,121,1066,494,2947,496,211,16,330,976,450,4646,834,257,125,1016,2487,660,10045,5063,253,565, 
140,1451,563,4537,884,533,211,132,461,388,2528,429,203,90,554,1695,416,4129,559,170,157,1181,2808,497,7293,2728,386,828,1261,1884,441,6132,2275,427,279, 
66,1177,566,3668,690,157,41,567,946,316,2811,473,120,66,1872,2791,873,5867,837,184,306,1073,2364,508,3955,899,75,255,911,1730,86,3152,439,158,30, 
194,836,239,2858,497,177,91,1750,2930,723,4311,529,103,162,1329,1573,413,2264,283,183,22,1747,1523,260,1548,186,40,44,1295,1112,151,1563,92,0,15, 
386,1325,456,1500,121,75,30,2864,3705,496,4085,565,110,14,2388,1223,185,1000,99,15,20,2252,1033,130,860,48,82,0,1180,878,154,772,64,73,46, 
3101,8351,4758,11279,633,308,157,3,46,45,288,0,28,0,917,1168,225,1058,23,0,0,8224,6175,1236,1587,69,0,0,9124,7103,1154,2285,227,64,71, 
1609,3902,2304,7046,953,236,108,375,613,421,581,148,31,0,6142,2985,829,1529,71,36,0,8271,4810,1043,1358,153,70,57,5174,1697,380,1288,277,68,10, 
1299,3294,1829,5956,833,98,71,2739,752,341,1341,148,0,12,4714,1173,694,1052,108,85,59,2208,734,131,552,74,78,28,1174,552,57,561,161,22,24, 
963,2117,1077,3618,516,116,39,2565,262,217,644,121,21,0,1523,105,80,308,11,21,47,1097,269,37,77,0,0,0,459,64,0,158,13,0,0, 
1748,923,770,1311,376,113,92,1637,292,89,534,89,60,11,673,45,18,66,24,0,0,323,64,26,7,23,0,0,282,34,84,47,0,0,13, 
2303,6214,4458,12539,1296,202,21,17,96,106,76,15,0,70,625,1500,156,747,16,0,0,5762,4362,815,1659,215,56,16,8375,5032,683,2387,35,81,117, 
1462,3777,2399,8834,1056,200,212,373,492,426,698,93,0,4,3246,1913,544,1103,59,41,0,6989,3355,907,1723,92,24,40,3717,1965,167,1304,195,128,47, 
1808,3026,1941,5822,674,125,167,1214,339,415,652,68,19,0,3034,1141,361,826,144,14,18,2743,768,167,596,113,0,27,1610,684,233,524,91,59,25, 
1078,2498,1293,3501,505,123,49,1448,439,232,502,96,0,10,825,172,75,388,0,0,15,1157,203,0,49,38,11,0,836,280,195,168,19,18,13, 
1921,1857,711,1632,274,8,62,1236,473,120,549,36,34,13,597,7,29,6,39,0,0,712,80,0,71,0,0,0,580,78,22,18,0,0,0, 
577,2191,1543,1596,101,137,0,0,0,0,0,0,0,0,0,5,0,0,0,0,0,102,31,14,0,0,15,16,54,91,0,8,0,0,0, 
398,2294,1349,2406,80,10,0,0,32,16,6,0,0,0,42,11,59,30,0,0,0,80,42,30,0,0,0,0,54,0,0,93,0,0,0, 
622,1839,969,1871,50,13,30,56,0,4,32,0,0,0,85,33,0,14,55,0,0,0,0,0,20,0,0,0,13,0,0,0,0,0,0, 
441,1592,672,1860,282,34,31,36,0,0,2,0,0,0,0,17,0,0,0,0,0,22,0,0,0,0,0,0,23,24,0,0,0,0,0, 
588,651,348,840,158,22,36,15,0,12,2,0,0,0,0,0,0,0,0,0,0,0,0,0,0,0,0,0,0,0,0,0,0,0,0, 
256,1634,1186,2792,271,49,0,0,0,0,19,0,0,0,0,0,0,0,0,0,0,59,0,11,0,0,0,0,114,36,0,29,0,0,0, 
425,1513,1125,2834,245,12,16,0,0,0,9,0,0,0,0,0,3,15,0,51,0,202,0,69,58,0,21,0,16,0,0,3,0,0,0, 
456,1969,1270,2500,393,46,15,35,0,30,50,0,0,0,33,0,5,14,0,0,0,0,20,0,32,0,0,0,15,0,44,0,2,0,0, 
377,1238,853,2232,253,59,40,0,0,35,88,21,0,0,0,37,0,0,0,0,0,0,0,0,3,0,0,0,0,16,0,0,0,0,0, 
543,977,521,1186,136,21,0,68,0,19,23,0,0,0,0,0,0,0,0,0,0,0,0,0,0,0,0,0,18,0,0,0,0,0,0, 
0,70,139,232,0,48,0,0,0,0,5,0,0,0,0,0,0,36,0,0,0,0,0,0,0,0,0,0,15,66,0,45,55,0,0, 
78,75,45,510,7,0,38,0,0,0,0,0,0,0,13,0,0,0,0,0,0,0,43,0,16,0,0,0,64,74,18,0,0,0,15, 
10,63,32,274,23,0,21,0,0,0,0,0,0,0,0,40,0,0,0,0,0,0,0,0,74,0,0,0,13,0,0,15,0,0,0, 
15,40,0,102,120,0,29,0,0,0,44,0,0,26,0,0,0,26,0,0,0,9,0,0,64,0,0,0,0,0,0,0,0,0,0, 
15,0,17,20,0,23,9,0,0,0,0,0,0,19,0,0,0,0,0,0,0,0,0,0,0,0,0,0,52,0,0,42,0,0,0, 
0,71,30,288,40,83,0,0,0,0,0,0,0,0,0,0,0,28,0,0,0,0,18,0,61,0,0,0,0,73,0,157,17,7,0, 
13,47,101,289,21,39,0,0,0,0,63,0,0,0,25,66,0,35,0,0,0,0,0,44,74,12,0,0,14,12,0,68,0,0,0, 
0,40,38,109,63,0,0,0,17,28,0,0,0,0,0,0,0,0,0,0,0,0,70,0,0,0,0,0,0,45,0,23,0,0,0, 
14,32,15,116,28,0,0,0,0,0,0,0,0,0,0,0,0,0,0,0,0,0,0,0,0,0,0,0,0,0,0,0,0,0,0, 
11,28,0,42,0,0,0,0,0,17,19,0,0,0,0,0,0,0,0,0,0,15,42,0,0,0,0,0,47,0,0,0,0,0,0, 
642,3685,3306,8735,419,180,101,0,0,0,0,0,0,0,0,82,95,67,0,0,0,0,48,20,184,15,0,0,0,161,0,77,142,0,0, 
448,3406,2203,6003,909,206,55,0,14,0,73,24,4,0,16,85,12,226,12,0,0,0,70,0,137,13,0,0,14,0,0,295,44,9,0, 
364,2190,1537,4261,441,56,92,0,26,13,325,57,0,27,0,96,12,159,12,0,0,12,13,0,108,23,0,23,16,87,0,44,0,0,0, 
298,952,437,2814,389,192,185,0,68,26,205,25,0,0,41,0,0,26,0,0,0,0,28,0,0,25,0,0,17,0,0,12,0,0,0, 
245,581,799,1416,335,91,122,0,0,0,96,54,20,26,18,74,7,97,0,6,0,29,0,0,29,0,0,0,32,12,0,26,0,17,0, 
332,2123,2449,8874,1199,382,127,0,0,20,20,0,0,0,0,0,32,129,0,23,0,15,0,24,59,34,0,0,27,224,0,232,45,15,0, 
365,2281,1533,7481,844,164,126,0,0,59,200,73,19,0,0,29,37,178,0,0,0,11,103,40,231,188,0,0,18,38,0,71,68,0,93, 
470,1617,1614,5005,766,165,45,0,34,58,169,41,23,16,12,125,0,124,30,0,0,39,23,0,389,0,0,36,16,99,0,98,0,0,0, 
354,1322,937,3049,400,40,110,58,49,50,242,14,0,0,53,14,0,138,0,0,0,0,24,0,52,0,0,0,12,25,92,36,0,0,15, 
493,1128,850,1361,166,9,33,43,116,25,103,0,29,0,17,39,0,74,0,0,0,71,89,0,21,0,0,0,79,13,0,15,23,0,0 
*****