2010 Education by occupation in Maryland, race/ethnicity, and gender for age 25+, wgtd 2008-12 ACS, SSDAN/U-Mich
5
AgeEduc,RaceEth,Gender,EducAll,Occup
5,7,2,7,6
25-34,35-44,45-54,55-64,65+
NhWhite,Black,Asian,Hispanic,AmIndian,NHOther,NHMulti
Male,Female
0-9Yrs,10-12Yrs,HSGrad,SomeColl,CollGrad,Masters,PhD-Prof
TopWC,OtherWC,Service,TopBC,OtherBC,Farm
182,213,313,1303,593,35,380,952,1167,2821,1279,32,3953,7706,5518,15285,7706,688,9866,15717,7978,10813,4163,147,28724,15055,5022,1742,1346,154,13265,2842,504,151,127,53,7002,632,142,29,39,0, 
143,688,850,40,144,67,144,1666,1810,93,338,84,2648,14088,7312,345,1242,219,10352,23683,10900,515,740,233,35557,18767,4597,317,508,129,21220,4805,802,19,82,13,7452,479,227,0,0,3, 
44,203,647,501,737,0,148,1360,1748,1034,1706,59,1529,7132,7052,6074,8430,18,5509,12120,7124,3466,4284,74,8396,6294,2587,635,518,0,3065,1131,292,64,0,0,1005,107,19,49,33,0, 
16,422,575,0,123,0,160,1963,2403,61,501,0,1977,12511,9464,301,1816,110,8290,22205,12932,305,1718,41,13113,9979,2293,117,221,0,8026,2800,525,58,57,0,2144,257,43,0,28,0, 
34,47,91,0,24,0,121,174,189,61,192,0,103,682,134,414,323,0,748,2020,884,381,395,0,4596,2357,486,163,209,0,4294,836,25,19,40,0,3037,116,58,0,0,0, 
30,69,130,0,0,0,119,131,221,0,19,0,108,1056,794,0,181,0,884,1767,885,0,73,11,5439,2802,665,45,35,0,5106,1059,112,0,154,0,2784,278,42,0,0,4, 
260,420,4614,11393,1956,127,237,201,952,1928,637,83,816,969,2878,5569,1506,116,1329,2313,1990,2682,759,35,1872,1098,516,401,195,105,921,235,0,131,15,0,374,27,50,75,0,0, 
271,1133,6902,368,687,80,107,836,1264,8,306,54,580,2708,3102,243,296,56,1163,4179,2375,11,111,39,2073,1541,661,0,71,0,872,409,64,0,8,0,574,54,30,0,0,0, 
0,0,0,125,34,0,0,10,20,158,38,0,0,105,22,29,27,0,48,153,12,30,97,0,96,35,0,0,0,0,17,1,0,0,0,0,0,0,0,0,0,0, 
5,0,45,0,0,0,0,34,13,0,0,0,0,14,29,0,0,0,61,166,59,65,13,0,115,113,0,0,0,0,25,21,0,0,0,0,0,0,0,0,0,0, 
0,0,0,81,0,0,0,0,39,0,0,0,24,72,36,10,12,0,73,34,41,0,23,0,114,50,0,0,0,0,144,20,0,0,0,0,27,0,0,0,20,0, 
0,0,42,0,12,0,0,0,0,0,0,0,0,18,30,0,0,0,113,236,55,0,0,0,28,244,85,0,0,0,17,64,0,0,0,0,77,47,0,0,0,0, 
0,40,94,16,35,0,38,11,28,39,57,15,107,524,272,594,326,0,277,1010,519,344,308,0,861,584,198,41,138,0,438,94,0,0,0,0,104,49,0,0,0,0, 
0,42,69,0,0,0,0,37,118,0,35,0,48,477,249,23,15,0,653,1387,537,19,125,0,1003,575,84,0,38,26,565,210,58,0,0,0,327,16,0,0,0,0, 
436,222,244,1174,895,54,776,929,730,3260,1467,129,5999,7924,4522,18013,8466,426,13124,13973,7698,10975,4056,239,25983,12861,3182,1829,906,86,18335,3481,414,288,206,0,12581,878,171,23,13,0, 
65,742,762,26,150,51,228,2089,1466,206,315,32,5475,18575,8829,729,2327,205,15737,24805,8370,766,1271,191,29811,13949,2956,328,443,257,24900,5053,563,64,58,44,11127,902,197,21,16,0, 
77,226,450,461,520,38,346,1069,1219,1531,1865,35,2333,6075,8504,6695,9243,128,6783,9386,6394,5062,5952,32,8746,4429,2399,758,751,0,4924,1833,579,218,142,0,2284,309,57,46,38,0, 
51,348,666,150,179,0,307,1629,2541,63,397,42,3417,14292,12513,576,1549,28,12463,20989,9214,682,880,0,13708,8316,1718,59,197,0,10842,3636,720,16,149,0,3362,455,68,0,15,22, 
8,44,415,174,158,0,0,78,259,37,376,0,290,484,850,453,658,0,892,1092,490,537,227,0,4466,2017,428,354,208,0,4761,1166,33,76,147,0,3997,272,13,13,0,0, 
137,145,777,0,71,25,0,172,386,0,45,0,303,811,1651,98,189,0,746,1812,783,52,0,0,5838,2238,671,19,182,0,4514,1107,51,68,70,0,3381,159,40,0,0,0, 
396,489,4152,8120,1655,168,151,306,526,1137,453,9,558,801,1999,3949,1218,119,952,1078,1063,1939,455,18,1746,788,713,527,207,0,1214,307,41,0,74,0,576,53,59,161,75,0, 
255,803,5658,341,994,25,25,368,1096,28,162,0,514,1614,3828,52,327,51,1069,2300,1435,0,119,0,1842,990,767,73,111,0,1532,403,86,0,0,0,583,80,79,0,11,0, 
0,44,44,279,46,0,0,23,0,0,16,0,34,7,111,181,87,0,82,64,79,141,51,0,44,45,3,8,43,0,22,8,0,0,0,0,66,15,0,13,0,0, 
17,35,154,0,31,0,0,24,46,0,0,0,79,83,98,0,0,0,154,182,14,0,0,0,174,48,43,0,0,0,124,30,0,0,0,0,36,0,0,0,0,0, 
0,0,20,86,14,0,13,0,0,0,53,0,13,0,22,69,0,0,14,15,47,58,0,0,76,20,0,71,0,0,73,16,0,0,0,0,46,17,0,0,0,0, 
0,0,0,28,0,0,0,38,0,60,0,0,0,0,45,72,0,0,39,95,82,20,0,0,176,124,76,0,0,0,56,0,0,0,0,0,42,0,0,0,0,0, 
0,97,0,42,0,0,20,14,112,9,34,18,72,186,128,383,213,0,374,669,209,239,170,0,519,404,191,35,0,0,529,211,0,0,0,0,308,78,0,0,0,0, 
7,0,0,0,11,0,0,53,0,43,0,0,188,186,122,34,12,0,446,1477,561,0,4,0,772,285,37,10,110,0,531,131,23,0,0,0,359,0,0,0,0,0, 
318,301,614,2045,1079,40,753,1184,1214,4996,2396,128,8569,12045,6020,25331,12193,571,17715,16329,6542,12981,5941,132,32727,13651,2774,2628,1418,181,22771,4953,908,355,249,51,16127,1216,291,21,44,0, 
28,786,829,160,362,27,491,2262,1786,159,498,16,8155,31183,12165,1039,3129,505,23007,36947,9100,937,1634,281,33029,16948,2515,236,453,293,24924,5676,603,112,21,14,10787,829,108,50,16,0, 
26,171,748,1175,937,1,387,927,2080,2279,2427,58,2317,6367,8113,8325,9656,123,4693,9122,6430,5165,4695,17,7913,5360,1432,670,896,51,5033,1319,418,139,43,0,2557,516,161,23,13,0, 
93,561,1366,93,177,0,524,1406,2995,108,777,0,4290,15643,12343,353,2570,0,12995,23367,7326,479,1623,0,12762,7389,1590,183,56,31,8478,2643,400,24,120,0,3190,366,33,0,23,0, 
10,28,627,97,242,0,41,117,219,122,235,0,123,792,420,438,304,0,640,1194,361,301,498,0,2290,1816,336,298,739,0,2678,765,104,109,96,0,3591,413,92,11,11,0, 
154,129,751,11,192,10,51,162,292,28,141,0,207,1324,1548,209,266,0,912,1622,827,72,165,0,3613,2586,786,0,285,0,2230,679,70,0,68,0,1941,224,15,13,16,0, 
175,278,1597,3291,744,42,95,71,465,771,74,39,366,328,908,2367,847,82,783,1109,912,1141,486,15,1265,549,461,466,240,14,1112,323,31,0,0,0,889,105,88,12,0,0, 
95,344,3286,243,380,0,37,221,792,0,140,0,261,914,2531,154,227,0,1131,1958,1414,58,197,21,1256,1060,764,20,24,0,1211,317,50,0,12,0,583,123,96,0,11,0, 
13,0,0,14,0,11,0,1,15,57,7,0,0,19,14,71,55,0,121,99,111,66,13,0,30,57,36,10,0,0,58,68,0,0,0,0,35,0,0,0,0,0, 
0,14,22,0,0,0,0,61,0,0,0,0,23,33,68,0,81,10,131,164,22,0,56,0,101,18,14,0,0,0,61,0,0,0,0,0,13,9,17,0,0,0, 
20,0,0,24,0,0,0,0,13,0,14,0,0,0,22,29,0,0,0,12,15,0,56,0,87,41,0,0,0,0,73,18,14,0,0,0,44,16,0,0,0,0, 
0,0,0,0,0,0,0,14,0,0,0,0,0,62,29,0,0,0,23,109,0,0,0,0,145,65,26,0,0,0,73,31,0,0,0,0,205,0,11,0,0,0, 
0,15,31,69,29,0,49,27,0,102,0,0,115,204,234,221,39,0,546,501,93,246,98,0,394,246,65,27,0,0,342,129,26,13,0,0,379,22,17,0,0,0, 
12,22,20,0,25,0,0,55,93,0,0,0,144,126,121,17,97,0,390,920,373,0,36,16,548,477,73,0,0,0,439,259,32,0,0,0,229,30,20,0,0,0, 
301,279,407,1576,1107,70,401,771,559,2735,1595,10,6237,9608,4423,14146,9672,539,13279,13817,4505,8323,5527,198,23667,11838,2626,1885,1294,157,21303,4682,694,519,324,12,19577,1513,167,23,91,0, 
178,678,785,104,325,77,377,2012,1682,158,598,27,6591,26951,8725,439,3304,399,16774,26765,4806,538,1098,248,22547,12129,1630,268,321,105,24190,5997,727,95,92,66,9081,928,106,30,76,0, 
134,196,1118,485,710,30,97,550,1080,1093,1246,63,1377,3858,4243,3897,6281,69,4377,5696,3469,2437,3596,29,4174,3331,730,339,861,0,3495,1136,268,29,257,0,2156,467,107,22,5,0, 
144,231,1202,45,119,0,315,1324,2614,91,525,0,2661,11839,7289,226,1869,0,7971,15201,4283,152,927,0,6803,3177,718,41,73,0,6906,2293,188,104,0,0,1998,387,36,10,14,0, 
29,65,358,149,197,15,15,97,123,128,139,0,184,657,438,306,412,0,452,786,335,674,245,0,1793,1249,262,247,254,0,1601,596,69,32,0,0,2251,149,0,12,45,0, 
118,239,914,25,109,0,45,279,309,0,92,0,165,890,1188,58,226,11,597,1051,825,25,90,0,1837,1896,435,84,52,0,1063,458,64,0,26,0,1001,161,0,0,11,0, 
127,171,874,1231,305,41,86,27,98,158,180,0,89,152,413,850,287,0,453,613,396,553,99,0,570,217,312,202,0,0,471,281,88,26,0,0,593,11,19,25,30,0, 
13,96,1647,15,115,21,103,108,470,0,0,0,37,589,694,45,15,0,505,1055,565,0,84,0,824,449,519,9,0,0,405,171,52,0,0,0,231,46,0,0,0,0, 
20,0,40,9,29,0,0,12,47,0,0,0,0,18,9,36,35,6,30,39,37,44,54,0,61,0,0,19,0,0,69,10,0,9,0,0,14,0,0,0,0,0, 
0,10,180,0,0,0,11,0,0,0,0,0,109,126,86,0,55,0,53,55,56,0,0,0,109,23,10,0,0,0,87,26,0,0,0,0,21,0,0,0,0,0, 
0,0,0,0,0,0,0,0,0,0,0,0,0,0,0,0,0,0,0,0,0,0,0,0,76,32,0,38,0,0,71,0,0,0,0,0,66,0,0,0,0,0, 
0,0,0,0,0,0,0,0,0,0,0,0,0,62,0,0,0,0,43,98,10,0,0,0,23,0,0,0,0,0,17,0,0,0,0,0,85,0,0,0,0,0, 
57,0,14,15,0,0,8,14,14,0,25,0,41,89,161,158,25,0,184,386,141,125,112,0,213,158,66,18,30,0,232,120,0,0,0,0,92,60,36,13,0,0, 
0,35,17,0,6,0,12,31,64,0,16,0,45,446,109,16,35,0,307,380,98,17,7,0,433,33,17,0,0,0,218,131,0,0,35,0,93,45,0,0,0,0, 
362,578,918,1528,857,224,408,754,937,1419,990,37,2984,5014,3125,4529,4835,351,5392,6134,2324,2140,2288,42,9910,4941,1108,589,961,40,8357,2361,445,320,229,0,12969,1256,137,49,144,42, 
35,665,974,92,256,15,195,1622,1273,69,353,16,2866,15686,4110,208,1513,41,5424,12083,1731,175,357,71,6987,4515,625,99,77,82,7168,2460,270,14,74,0,3023,447,98,0,0,24, 
83,147,632,491,808,12,220,290,893,308,967,110,550,1308,1865,1087,1916,19,725,1616,1240,572,1109,26,1298,964,450,66,287,0,1101,542,132,26,44,0,1200,234,29,47,82,0, 
90,342,929,12,70,0,56,618,1293,93,127,31,742,3865,2662,42,589,0,2193,4171,1992,45,210,0,1842,880,119,0,0,0,2240,651,136,0,38,0,673,252,61,0,0,0, 
0,86,69,131,126,0,37,107,102,0,35,0,95,265,186,148,223,0,70,248,148,96,134,0,681,270,223,0,150,0,955,223,19,0,13,0,1521,219,10,16,0,0, 
48,98,196,21,63,0,34,100,121,18,27,0,64,159,378,13,45,0,134,188,148,19,24,0,669,500,172,18,49,0,352,206,32,0,25,0,572,68,0,0,18,0, 
38,17,602,207,84,19,0,0,83,105,27,0,67,34,216,54,80,1,118,36,60,150,79,6,144,81,29,17,23,0,221,70,0,0,8,0,395,35,9,0,0,0, 
27,27,375,0,34,0,0,66,193,7,0,0,35,427,333,15,38,0,97,166,147,29,74,0,209,199,49,14,0,0,93,13,0,0,0,0,152,28,0,0,0,0, 
0,0,0,11,0,0,0,0,0,8,10,0,13,0,32,59,0,0,0,22,39,13,0,0,0,0,0,0,11,0,0,14,0,0,0,0,21,0,0,0,0,0, 
0,82,2,0,0,0,0,0,0,0,6,0,16,26,22,0,0,0,0,11,22,0,0,0,0,0,0,0,0,0,12,0,0,0,0,0,0,0,0,0,0,0, 
0,0,0,0,0,0,0,0,0,0,0,0,0,0,0,7,0,0,0,0,14,0,0,0,0,0,0,0,0,0,0,16,0,0,0,0,49,0,0,0,0,0, 
0,0,0,0,0,0,0,0,0,0,0,0,0,0,20,0,0,0,0,0,0,0,0,0,28,20,23,0,0,0,0,12,0,0,0,0,16,0,0,0,0,0, 
0,0,32,0,0,0,0,0,0,14,13,0,28,33,28,0,48,0,9,36,5,7,19,0,82,0,23,0,16,0,55,49,0,0,0,0,75,40,0,0,0,0, 
0,17,19,0,0,0,0,0,54,0,0,0,77,114,78,0,37,0,40,137,163,0,39,0,45,86,16,13,0,0,118,15,0,17,0,0,64,12,0,0,0,0 
*****