2010 Education by occupation in Alabama, race/ethnicity, and gender for age 25+, wgtd 2008-12 ACS, SSDAN/U-Mich
5
AgeEduc,RaceEth,Gender,EducAll,Occup
5,7,2,7,6
25-34,35-44,45-54,55-64,65+
NhWhite,Black,Asian,Hispanic,AmIndian,NHOther,NHMulti
Male,Female
0-9Yrs,10-12Yrs,HSGrad,SomeColl,CollGrad,Masters,PhD-Prof
TopWC,OtherWC,Service,TopBC,OtherBC,Farm
104,784,1133,3431,2132,97,422,1451,1702,6743,3665,469,3424,7014,6601,15737,14868,411,9334,15818,8624,14554,10419,550,18021,11304,3026,1555,1431,158,5660,2011,540,51,154,22,3314,262,38,51,0,0, 
250,1579,1879,205,862,47,512,3830,3833,389,1196,80,3189,16321,9222,918,2655,278,12363,32097,13153,677,2306,380,23984,14595,3212,203,141,199,10315,2256,357,98,41,0,3779,129,36,0,12,24, 
78,73,691,578,814,17,250,880,2777,2096,2528,256,432,3602,4816,4050,10741,101,2094,6255,4993,2755,6316,136,3075,2226,815,352,752,0,882,458,132,0,22,0,445,14,23,0,0,0, 
98,647,849,166,404,5,305,2759,3710,208,919,69,1763,6861,8536,605,4147,23,4394,16338,9603,597,2037,260,6276,5678,1138,114,184,6,3101,1199,193,0,0,8,506,76,0,0,0,0, 
0,8,86,41,0,0,0,0,149,0,39,0,152,52,312,123,83,0,328,89,305,96,51,7,546,553,150,0,108,0,457,91,66,0,37,0,420,0,0,0,0,0, 
0,32,45,0,0,0,6,63,7,0,0,0,107,196,388,133,55,0,144,320,163,30,172,0,1028,416,121,35,14,0,701,128,27,0,23,0,585,0,0,0,0,0, 
64,206,1783,4638,1607,583,81,13,304,1045,226,0,254,418,1791,3169,1119,123,256,229,597,876,271,17,347,272,332,411,0,0,80,21,48,45,24,0,140,0,0,0,75,0, 
58,68,1268,474,941,195,13,102,285,62,254,0,115,815,1145,226,511,30,344,554,685,195,231,0,259,577,271,22,94,8,183,80,0,15,52,0,52,0,0,24,0,0, 
0,54,163,85,38,0,0,0,0,94,0,6,131,0,89,145,204,0,44,87,40,139,50,0,95,178,6,0,29,0,47,0,3,0,27,0,5,0,0,0,0,0, 
0,0,118,16,0,28,0,23,0,10,0,0,11,304,85,0,110,0,84,383,173,12,9,0,112,99,11,0,0,0,89,42,0,0,0,0,0,0,0,0,0,0, 
62,0,0,0,0,0,0,0,0,0,0,0,0,0,0,39,0,0,20,8,0,0,0,0,21,28,0,0,0,0,0,0,0,0,0,0,0,0,0,0,0,0, 
0,0,15,0,0,0,0,0,6,0,0,0,0,0,0,0,0,0,0,99,3,0,0,18,25,124,0,0,0,0,0,0,0,0,0,0,24,0,0,0,0,0, 
11,0,0,198,29,0,0,0,0,48,29,0,29,150,109,151,274,11,194,240,192,331,221,0,243,136,44,24,0,0,166,11,26,0,0,0,63,0,0,0,0,0, 
0,30,5,0,0,0,0,47,37,0,87,0,80,219,75,8,17,0,125,295,349,15,38,0,317,246,51,0,0,0,224,46,0,0,0,0,101,0,5,0,0,0, 
201,413,621,4123,2861,411,499,1406,1008,6786,5063,464,4295,8210,5882,20148,17767,822,11155,15458,7849,15330,11396,203,18646,9468,2072,1755,1408,120,7707,2326,271,106,248,11,5516,518,30,0,14,43, 
128,1191,1685,311,1092,69,422,2778,3091,276,1714,111,4920,22971,9134,808,3842,495,15709,34075,9892,935,3596,353,22122,10875,1918,192,460,57,12521,2576,551,30,57,0,3581,359,49,0,0,0, 
42,43,434,673,446,25,177,407,1261,1699,2358,236,857,3169,4325,4655,10313,293,2393,4893,4044,3531,6147,11,2887,1615,610,336,699,24,1037,402,98,26,61,0,610,77,17,32,0,0, 
207,231,776,83,382,0,161,1489,2587,229,877,0,993,6297,7910,818,4782,24,4965,14405,6805,787,3536,76,4913,4305,589,103,277,0,3578,1378,217,23,19,0,969,55,4,0,0,0, 
52,0,110,35,95,0,0,57,44,46,81,0,25,131,306,328,197,0,237,242,85,36,200,0,601,348,16,48,109,0,659,353,0,24,0,0,727,0,32,0,0,0, 
45,36,259,16,0,0,0,40,101,14,11,0,71,70,775,41,121,0,148,444,207,0,198,0,427,351,108,75,0,0,492,141,33,0,0,0,462,0,0,0,0,0, 
222,89,941,3447,836,180,21,188,357,430,214,41,195,210,722,1741,938,50,408,337,226,327,327,0,505,127,61,177,55,0,218,0,24,0,0,0,149,0,0,0,17,0, 
109,355,630,416,806,85,0,0,59,23,62,0,220,399,884,234,337,16,339,481,397,251,85,8,365,341,208,32,122,0,343,59,13,0,0,0,62,0,0,0,0,0, 
0,0,0,147,111,30,0,0,102,62,11,0,31,16,1,112,133,0,11,60,90,150,94,0,41,41,8,0,0,0,0,0,0,0,0,0,0,0,0,0,0,0, 
0,38,7,0,0,0,0,29,51,0,4,0,19,40,57,19,31,0,150,289,158,55,69,7,145,6,0,0,0,0,191,16,0,0,0,0,23,0,0,0,0,0, 
0,65,0,39,0,7,0,0,0,0,0,0,0,0,0,0,0,0,16,22,0,58,0,0,0,60,0,41,0,0,0,0,0,0,0,0,0,0,0,0,0,0, 
0,0,18,0,0,0,0,0,0,0,0,0,0,13,0,0,0,0,33,0,0,0,0,0,0,42,0,0,0,0,0,0,0,0,0,0,0,0,0,0,0,0, 
0,0,0,69,98,0,9,10,68,88,24,0,0,159,92,278,389,0,114,245,66,60,464,0,141,52,23,0,0,0,84,17,12,0,0,0,18,0,0,0,0,0, 
0,41,0,16,0,0,0,37,6,12,0,0,28,70,163,6,25,0,262,350,168,21,20,4,288,168,35,0,0,0,132,52,0,0,0,0,105,0,0,0,0,0, 
411,538,690,4220,3001,444,926,1577,857,6914,5048,502,7767,11823,6250,23091,19528,1390,13464,15542,6987,14229,10485,393,20281,10598,1816,1755,1510,122,8688,3005,538,380,156,7,7076,497,38,53,131,0, 
529,1217,2309,222,957,50,328,3263,3225,405,1465,139,7474,30764,11052,1272,7746,284,17249,34181,9017,877,3581,372,21754,11668,1584,320,499,95,13020,2789,326,44,88,15,3437,602,0,34,0,0, 
103,66,447,443,466,318,294,336,1104,1345,2288,356,792,2553,4434,6448,11682,379,1805,3288,3545,3793,5800,232,2727,1623,993,324,343,2,621,402,95,13,85,0,372,54,0,0,0,0, 
82,176,1167,48,421,9,356,981,3531,128,1095,29,1171,5768,10391,556,5037,158,5264,12538,6490,530,3561,48,4439,4100,651,18,401,36,3179,1033,74,0,0,0,618,63,52,0,0,0, 
0,0,125,21,43,0,0,60,31,24,87,0,173,128,119,99,55,0,98,162,38,71,0,0,392,284,18,20,43,0,230,61,12,0,8,0,522,52,0,25,0,0, 
0,31,0,0,21,29,0,27,72,0,58,0,47,459,147,0,76,0,8,427,23,0,111,18,365,176,44,0,0,0,252,62,0,0,0,0,278,52,8,0,0,0, 
53,144,380,1457,569,217,12,15,141,354,73,0,114,106,440,522,622,0,163,150,318,538,328,0,328,57,0,151,8,29,189,17,35,0,0,0,76,0,0,57,25,0, 
0,116,511,93,446,3,0,51,38,0,45,16,149,177,482,6,500,0,184,695,306,8,40,0,207,208,26,39,52,0,89,4,0,0,0,0,85,28,0,0,0,0, 
0,0,6,108,52,0,20,0,5,130,45,0,61,40,77,251,104,37,75,64,47,152,173,0,129,52,0,36,0,0,77,0,0,0,0,0,10,0,0,0,0,0, 
37,35,13,0,12,0,0,26,51,0,0,0,71,244,245,114,108,0,100,289,172,0,53,0,128,10,0,0,0,0,69,5,0,0,0,0,9,40,0,0,0,0, 
0,0,0,0,0,0,0,0,0,0,22,0,0,24,0,0,0,0,0,15,0,0,0,0,9,12,0,0,0,0,0,0,0,0,0,0,21,0,0,0,0,0, 
0,0,0,0,0,0,0,0,0,0,0,0,0,0,0,0,0,0,95,30,24,0,0,0,0,59,0,0,0,0,15,0,0,0,0,0,21,0,0,0,0,0, 
6,0,0,24,94,10,0,22,18,35,61,28,58,54,88,468,271,7,168,181,73,167,72,0,173,195,12,0,16,0,81,44,0,0,6,0,319,20,0,0,0,0, 
0,37,19,0,0,0,0,16,84,0,21,0,82,253,198,63,28,0,375,361,127,74,138,0,130,111,0,0,0,0,41,50,0,0,0,0,46,0,0,0,0,0, 
571,971,731,3038,3057,171,619,917,849,3311,3881,132,5661,7812,4623,14804,13739,870,10911,13592,4782,10434,8575,421,17670,9465,1421,1983,1716,105,8699,3277,350,377,406,13,6857,900,84,29,89,81, 
80,1190,1701,105,929,95,429,2582,2204,149,1009,79,5260,28184,8760,970,5372,201,12638,28344,5660,583,2145,67,11540,7723,734,151,122,2,11956,3957,427,13,136,18,3262,477,68,0,38,0, 
50,166,525,607,1179,189,31,127,705,1261,1787,51,453,1257,3144,3053,5844,106,1178,2724,2755,2153,3017,78,1432,1173,517,282,321,17,920,354,70,17,51,0,677,122,21,57,0,0, 
167,241,954,40,329,32,132,578,2230,65,827,14,538,3682,6424,350,2895,42,3632,7290,3942,226,1305,52,2973,1885,300,45,190,0,2767,632,69,20,49,0,799,67,0,0,0,0, 
7,30,42,0,0,2,0,15,18,3,6,0,83,9,0,23,80,0,104,42,14,20,17,0,44,78,0,17,17,0,122,0,0,0,0,0,270,42,0,0,0,0, 
0,72,11,39,121,0,19,6,71,0,67,0,16,167,190,31,82,11,29,266,127,0,30,0,113,139,88,0,40,0,146,52,3,0,0,0,89,20,0,0,0,0, 
8,10,153,239,145,44,63,27,23,84,72,25,27,12,126,48,80,56,47,191,26,89,95,0,167,25,17,23,42,0,93,35,0,0,0,0,158,15,0,0,0,0, 
7,8,82,0,139,0,8,72,17,13,0,0,98,165,84,15,55,17,178,177,51,38,47,0,0,46,46,32,0,0,81,26,0,0,0,0,19,0,0,0,0,0, 
47,25,20,35,70,0,17,0,35,47,32,0,65,5,37,143,35,29,68,70,9,81,38,0,34,12,14,38,0,0,59,37,22,0,0,0,0,0,0,0,0,0, 
0,0,3,0,0,0,0,38,51,0,29,0,45,73,51,41,3,70,12,150,108,0,0,0,0,15,23,0,0,0,175,37,0,0,0,0,69,0,0,0,0,0, 
0,0,0,0,0,5,0,0,0,0,0,0,0,0,0,0,0,0,0,25,0,0,0,0,0,0,0,0,0,0,0,0,0,0,0,0,0,0,0,0,0,0, 
0,7,0,0,0,0,0,0,0,0,0,0,0,0,0,0,0,0,43,13,0,0,0,0,0,0,0,0,0,0,0,0,0,0,0,0,0,0,0,0,0,0, 
17,0,29,58,24,0,0,0,12,45,10,0,32,135,64,72,129,0,101,147,122,173,108,0,47,21,0,0,9,0,44,17,15,0,69,0,71,0,0,0,0,0, 
36,36,78,2,31,0,19,5,36,0,5,0,0,172,93,0,23,0,110,213,196,19,49,0,96,50,31,0,11,0,55,9,0,0,0,0,0,0,0,0,0,0, 
470,501,933,1986,2345,111,247,564,602,1500,2024,59,3260,5105,2525,4926,6672,265,4039,6967,2659,2824,3266,190,7001,4449,688,681,861,74,3793,1550,304,297,244,28,5330,1167,84,125,28,43, 
196,912,1368,122,462,22,349,1564,1705,58,808,54,2494,15473,5029,315,1508,38,4658,10862,1910,276,499,14,3025,2336,242,47,65,0,3073,1203,189,0,21,12,1105,305,37,0,0,0, 
91,184,643,510,825,36,115,154,384,343,550,32,190,458,1138,702,1541,14,220,544,573,425,424,0,172,174,148,79,78,0,473,306,75,0,57,0,150,53,0,3,12,0, 
128,144,1050,2,214,46,64,254,1168,111,333,31,389,1238,2233,62,434,25,780,1550,1129,41,95,0,547,374,83,0,0,0,926,217,61,0,0,0,131,40,0,0,0,0, 
0,17,26,45,48,0,0,21,0,18,22,0,10,0,0,0,0,0,11,22,0,0,0,0,91,65,0,0,0,0,89,113,10,0,0,0,174,0,13,0,37,0, 
0,38,117,7,21,0,0,38,38,0,0,0,0,71,22,0,115,0,0,99,5,0,0,0,15,0,0,0,11,0,36,0,0,0,0,0,24,0,0,0,0,0, 
0,128,16,16,97,0,0,6,0,13,0,0,15,5,0,2,111,0,78,35,67,67,54,0,45,13,12,11,11,0,0,33,0,0,0,0,86,0,0,0,0,0, 
0,61,47,0,0,0,0,28,0,0,0,0,64,98,33,0,30,0,52,30,23,0,33,0,27,0,13,0,0,0,49,0,0,0,0,0,0,0,0,0,0,0, 
0,0,29,0,0,0,0,0,0,3,24,0,0,0,51,34,51,0,11,42,16,0,0,0,14,23,0,0,5,0,0,2,0,6,0,0,9,15,0,0,0,0, 
0,0,56,0,3,0,0,0,36,0,2,0,0,9,0,0,52,0,2,9,0,30,0,0,14,0,0,0,0,0,0,0,0,0,0,0,0,0,10,0,0,0, 
0,0,0,0,0,0,0,0,0,0,0,0,0,0,0,0,0,0,0,0,0,0,0,0,0,0,0,0,0,0,0,0,0,0,0,0,0,0,0,0,0,0, 
0,0,0,0,0,0,0,0,0,0,0,0,0,0,0,0,0,0,20,0,0,0,0,0,0,0,0,0,0,0,0,0,0,0,0,0,0,0,0,0,0,0, 
0,0,31,18,30,0,0,0,0,18,65,0,16,42,0,64,40,0,22,44,33,95,32,0,51,44,0,0,56,0,30,0,0,0,0,0,37,0,0,0,0,0, 
0,0,0,0,0,0,0,3,0,0,45,0,0,47,76,0,0,0,5,144,22,0,0,0,43,3,3,0,0,0,89,0,0,0,0,0,0,0,6,0,0,0
*****